Iter	OF	   WalkingTime 	  driverCost   HHCcost   travelTime  	waitingTime
	0.00	1584.00	0.00	1507.00	475.00	658.00	17.00
	1.00	1541.00	0.00	1469.00	491.00	654.00	37.00
	2.00	1504.00	0.00	1460.00	482.00	661.00	21.00
	3.00	1492.00	0.00	1436.00	477.00	657.00	20.00
	4.00	1492.00	0.00	1436.00	477.00	657.00	20.00
	5.00	1302.00	94.00	1219.00	407.00	566.00	41.00
	6.00	1302.00	94.00	1219.00	407.00	566.00	41.00
	7.00	1244.00	95.00	1205.00	385.00	570.00	15.00
	8.00	1244.00	95.00	1205.00	385.00	570.00	15.00
	9.00	1244.00	95.00	1205.00	385.00	570.00	15.00
	10.00	1244.00	95.00	1205.00	385.00	570.00	15.00
	11.00	1244.00	95.00	1205.00	385.00	570.00	15.00
	12.00	1244.00	95.00	1205.00	385.00	570.00	15.00
	13.00	1244.00	95.00	1205.00	385.00	570.00	15.00
	14.00	1244.00	95.00	1205.00	385.00	570.00	15.00
	15.00	1244.00	95.00	1205.00	385.00	570.00	15.00
	16.00	1244.00	95.00	1205.00	385.00	570.00	15.00
	17.00	1244.00	95.00	1205.00	385.00	570.00	15.00
	18.00	1244.00	95.00	1205.00	385.00	570.00	15.00
	19.00	1215.00	90.00	1169.00	432.00	586.00	46.00
	20.00	1215.00	90.00	1169.00	432.00	586.00	46.00
	21.00	1215.00	90.00	1169.00	432.00	586.00	46.00
	22.00	1215.00	90.00	1169.00	432.00	586.00	46.00
	23.00	1215.00	90.00	1169.00	432.00	586.00	46.00
	24.00	1215.00	90.00	1169.00	432.00	586.00	46.00
	25.00	1215.00	90.00	1169.00	432.00	586.00	46.00
	26.00	1215.00	90.00	1169.00	432.00	586.00	46.00
	27.00	1215.00	90.00	1169.00	432.00	586.00	46.00
	28.00	1215.00	90.00	1169.00	432.00	586.00	46.00
	29.00	1215.00	90.00	1169.00	432.00	586.00	46.00
	30.00	1215.00	90.00	1169.00	432.00	586.00	46.00
	31.00	1215.00	90.00	1169.00	432.00	586.00	46.00
	32.00	1215.00	90.00	1169.00	432.00	586.00	46.00
	33.00	1215.00	90.00	1169.00	432.00	586.00	46.00
	34.00	1215.00	90.00	1169.00	432.00	586.00	46.00
	35.00	1215.00	90.00	1169.00	432.00	586.00	46.00
	36.00	1215.00	90.00	1169.00	432.00	586.00	46.00
	37.00	1215.00	90.00	1169.00	432.00	586.00	46.00
	38.00	1215.00	90.00	1169.00	432.00	586.00	46.00
	39.00	1215.00	90.00	1169.00	432.00	586.00	46.00
	40.00	1215.00	90.00	1169.00	432.00	586.00	46.00
	41.00	1215.00	90.00	1169.00	432.00	586.00	46.00
	42.00	1215.00	90.00	1169.00	432.00	586.00	46.00
	43.00	1215.00	90.00	1169.00	432.00	586.00	46.00
	44.00	1215.00	90.00	1169.00	432.00	586.00	46.00
	45.00	1215.00	90.00	1169.00	432.00	586.00	46.00
	46.00	1215.00	90.00	1169.00	432.00	586.00	46.00
	47.00	1215.00	90.00	1169.00	432.00	586.00	46.00
	48.00	1215.00	90.00	1169.00	432.00	586.00	46.00
	49.00	1215.00	90.00	1169.00	432.00	586.00	46.00
	50.00	1215.00	90.00	1169.00	432.00	586.00	46.00
	51.00	1215.00	90.00	1169.00	432.00	586.00	46.00
	52.00	1215.00	90.00	1169.00	432.00	586.00	46.00
	53.00	1215.00	90.00	1169.00	432.00	586.00	46.00
	54.00	1215.00	90.00	1169.00	432.00	586.00	46.00
	55.00	1215.00	90.00	1169.00	432.00	586.00	46.00
	56.00	1215.00	90.00	1169.00	432.00	586.00	46.00
	57.00	1215.00	90.00	1169.00	432.00	586.00	46.00
	58.00	1215.00	90.00	1169.00	432.00	586.00	46.00
	59.00	1215.00	90.00	1169.00	432.00	586.00	46.00
	60.00	1215.00	90.00	1169.00	432.00	586.00	46.00
	61.00	1215.00	90.00	1169.00	432.00	586.00	46.00
	62.00	1215.00	90.00	1169.00	432.00	586.00	46.00
	63.00	1215.00	90.00	1169.00	432.00	586.00	46.00
	64.00	1215.00	90.00	1169.00	432.00	586.00	46.00
	65.00	1215.00	90.00	1169.00	432.00	586.00	46.00
	66.00	1215.00	90.00	1169.00	432.00	586.00	46.00
	67.00	1215.00	90.00	1169.00	432.00	586.00	46.00
	68.00	1215.00	90.00	1169.00	432.00	586.00	46.00
	69.00	1215.00	90.00	1169.00	432.00	586.00	46.00
	70.00	1215.00	90.00	1169.00	432.00	586.00	46.00
	71.00	1215.00	90.00	1169.00	432.00	586.00	46.00
	72.00	1215.00	90.00	1169.00	432.00	586.00	46.00
	73.00	1215.00	90.00	1169.00	432.00	586.00	46.00
	74.00	1215.00	90.00	1169.00	432.00	586.00	46.00
	75.00	1215.00	90.00	1169.00	432.00	586.00	46.00
	76.00	1215.00	90.00	1169.00	432.00	586.00	46.00
	77.00	1215.00	90.00	1169.00	432.00	586.00	46.00
	78.00	1215.00	90.00	1169.00	432.00	586.00	46.00
	79.00	1215.00	90.00	1169.00	432.00	586.00	46.00
	80.00	1215.00	90.00	1169.00	432.00	586.00	46.00
	81.00	1215.00	90.00	1169.00	432.00	586.00	46.00
	82.00	1215.00	90.00	1169.00	432.00	586.00	46.00
	83.00	1215.00	90.00	1169.00	432.00	586.00	46.00
	84.00	1215.00	90.00	1169.00	432.00	586.00	46.00
	85.00	1215.00	90.00	1169.00	432.00	586.00	46.00
	86.00	1215.00	90.00	1169.00	432.00	586.00	46.00
	87.00	1215.00	90.00	1169.00	432.00	586.00	46.00
	88.00	1215.00	90.00	1169.00	432.00	586.00	46.00
	89.00	1215.00	90.00	1169.00	432.00	586.00	46.00
	90.00	1215.00	90.00	1169.00	432.00	586.00	46.00
	91.00	1215.00	90.00	1169.00	432.00	586.00	46.00
	92.00	1215.00	90.00	1169.00	432.00	586.00	46.00
	93.00	1215.00	90.00	1169.00	432.00	586.00	46.00
	94.00	1215.00	90.00	1169.00	432.00	586.00	46.00
	95.00	1215.00	90.00	1169.00	432.00	586.00	46.00
	96.00	1215.00	90.00	1169.00	432.00	586.00	46.00
	97.00	1215.00	90.00	1169.00	432.00	586.00	46.00
	98.00	1215.00	90.00	1169.00	432.00	586.00	46.00
	99.00	1215.00	90.00	1169.00	432.00	586.00	46.00