Iter	OF	   WalkingTime 	  driverCost   HHCcost   travelTime  	waitingTime
	0.00	1320.00	0.00	1507.00	475.00	658.00	17.00
	1.00	1306.00	0.00	1469.00	491.00	654.00	37.00
	2.00	1195.00	0.00	1460.00	482.00	661.00	21.00
	3.00	1170.00	0.00	1436.00	477.00	657.00	20.00
	4.00	1166.00	0.00	1440.00	485.00	667.00	18.00
	5.00	1105.00	0.00	1459.00	493.00	676.00	18.00
	6.00	1105.00	0.00	1459.00	493.00	676.00	18.00
	7.00	1105.00	0.00	1459.00	493.00	676.00	18.00
	8.00	874.00	94.00	1238.00	395.00	576.00	19.00
	9.00	874.00	94.00	1238.00	395.00	576.00	19.00
	10.00	874.00	94.00	1238.00	395.00	576.00	19.00
	11.00	874.00	94.00	1238.00	395.00	576.00	19.00
	12.00	874.00	94.00	1238.00	395.00	576.00	19.00
	13.00	874.00	94.00	1238.00	395.00	576.00	19.00
	14.00	824.00	56.00	1210.00	435.00	617.00	19.00
	15.00	824.00	56.00	1210.00	435.00	617.00	19.00
	16.00	824.00	56.00	1210.00	435.00	617.00	19.00
	17.00	824.00	56.00	1210.00	435.00	617.00	19.00
	18.00	824.00	56.00	1210.00	435.00	617.00	19.00
	19.00	824.00	56.00	1210.00	435.00	617.00	19.00
	20.00	824.00	56.00	1210.00	435.00	617.00	19.00
	21.00	824.00	56.00	1210.00	435.00	617.00	19.00
	22.00	824.00	56.00	1210.00	435.00	617.00	19.00
	23.00	824.00	56.00	1210.00	435.00	617.00	19.00
	24.00	824.00	56.00	1210.00	435.00	617.00	19.00
	25.00	824.00	56.00	1210.00	435.00	617.00	19.00
	26.00	824.00	56.00	1210.00	435.00	617.00	19.00
	27.00	824.00	56.00	1210.00	435.00	617.00	19.00
	28.00	824.00	56.00	1210.00	435.00	617.00	19.00
	29.00	824.00	56.00	1210.00	435.00	617.00	19.00
	30.00	824.00	56.00	1210.00	435.00	617.00	19.00
	31.00	824.00	56.00	1210.00	435.00	617.00	19.00
	32.00	824.00	56.00	1210.00	435.00	617.00	19.00
	33.00	824.00	56.00	1210.00	435.00	617.00	19.00
	34.00	824.00	56.00	1210.00	435.00	617.00	19.00
	35.00	824.00	56.00	1210.00	435.00	617.00	19.00
	36.00	824.00	56.00	1210.00	435.00	617.00	19.00
	37.00	824.00	56.00	1210.00	435.00	617.00	19.00
	38.00	824.00	56.00	1210.00	435.00	617.00	19.00
	39.00	824.00	56.00	1210.00	435.00	617.00	19.00
	40.00	824.00	56.00	1210.00	435.00	617.00	19.00
	41.00	824.00	56.00	1210.00	435.00	617.00	19.00
	42.00	824.00	56.00	1210.00	435.00	617.00	19.00
	43.00	824.00	56.00	1210.00	435.00	617.00	19.00
	44.00	824.00	56.00	1210.00	435.00	617.00	19.00
	45.00	824.00	56.00	1210.00	435.00	617.00	19.00
	46.00	824.00	56.00	1210.00	435.00	617.00	19.00
	47.00	824.00	56.00	1210.00	435.00	617.00	19.00
	48.00	824.00	56.00	1210.00	435.00	617.00	19.00
	49.00	824.00	56.00	1210.00	435.00	617.00	19.00
	50.00	824.00	56.00	1210.00	435.00	617.00	19.00
	51.00	824.00	56.00	1210.00	435.00	617.00	19.00
	52.00	824.00	56.00	1210.00	435.00	617.00	19.00
	53.00	824.00	56.00	1210.00	435.00	617.00	19.00
	54.00	824.00	56.00	1210.00	435.00	617.00	19.00
	55.00	824.00	56.00	1210.00	435.00	617.00	19.00
	56.00	824.00	56.00	1210.00	435.00	617.00	19.00
	57.00	824.00	56.00	1210.00	435.00	617.00	19.00
	58.00	824.00	56.00	1210.00	435.00	617.00	19.00
	59.00	824.00	56.00	1210.00	435.00	617.00	19.00
	60.00	824.00	56.00	1210.00	435.00	617.00	19.00
	61.00	824.00	56.00	1210.00	435.00	617.00	19.00
	62.00	824.00	56.00	1210.00	435.00	617.00	19.00
	63.00	824.00	56.00	1210.00	435.00	617.00	19.00
	64.00	824.00	56.00	1210.00	435.00	617.00	19.00
	65.00	824.00	56.00	1210.00	435.00	617.00	19.00
	66.00	824.00	56.00	1210.00	435.00	617.00	19.00
	67.00	824.00	56.00	1210.00	435.00	617.00	19.00
	68.00	824.00	56.00	1210.00	435.00	617.00	19.00
	69.00	824.00	56.00	1210.00	435.00	617.00	19.00
	70.00	824.00	56.00	1210.00	435.00	617.00	19.00
	71.00	824.00	56.00	1210.00	435.00	617.00	19.00
	72.00	824.00	56.00	1210.00	435.00	617.00	19.00
	73.00	824.00	56.00	1210.00	435.00	617.00	19.00
	74.00	824.00	56.00	1210.00	435.00	617.00	19.00
	75.00	824.00	56.00	1210.00	435.00	617.00	19.00
	76.00	824.00	56.00	1210.00	435.00	617.00	19.00
	77.00	824.00	56.00	1210.00	435.00	617.00	19.00
	78.00	824.00	56.00	1210.00	435.00	617.00	19.00
	79.00	824.00	56.00	1210.00	435.00	617.00	19.00
	80.00	824.00	56.00	1210.00	435.00	617.00	19.00
	81.00	824.00	56.00	1210.00	435.00	617.00	19.00
	82.00	824.00	56.00	1210.00	435.00	617.00	19.00
	83.00	824.00	56.00	1210.00	435.00	617.00	19.00
	84.00	824.00	56.00	1210.00	435.00	617.00	19.00
	85.00	824.00	56.00	1210.00	435.00	617.00	19.00
	86.00	824.00	56.00	1210.00	435.00	617.00	19.00
	87.00	824.00	56.00	1210.00	435.00	617.00	19.00
	88.00	824.00	56.00	1210.00	435.00	617.00	19.00
	89.00	824.00	56.00	1210.00	435.00	617.00	19.00
	90.00	824.00	56.00	1210.00	435.00	617.00	19.00
	91.00	824.00	56.00	1210.00	435.00	617.00	19.00
	92.00	824.00	56.00	1210.00	435.00	617.00	19.00
	93.00	824.00	56.00	1210.00	435.00	617.00	19.00
	94.00	824.00	56.00	1210.00	435.00	617.00	19.00
	95.00	824.00	56.00	1210.00	435.00	617.00	19.00
	96.00	824.00	56.00	1210.00	435.00	617.00	19.00
	97.00	824.00	56.00	1210.00	435.00	617.00	19.00
	98.00	824.00	56.00	1210.00	435.00	617.00	19.00
	99.00	824.00	56.00	1210.00	435.00	617.00	19.00
	100.00	824.00	56.00	1210.00	435.00	617.00	19.00
	101.00	824.00	56.00	1210.00	435.00	617.00	19.00
	102.00	824.00	56.00	1210.00	435.00	617.00	19.00
	103.00	824.00	56.00	1210.00	435.00	617.00	19.00
	104.00	824.00	56.00	1210.00	435.00	617.00	19.00
	105.00	824.00	56.00	1210.00	435.00	617.00	19.00
	106.00	824.00	56.00	1210.00	435.00	617.00	19.00
	107.00	824.00	56.00	1210.00	435.00	617.00	19.00
	108.00	824.00	56.00	1210.00	435.00	617.00	19.00
	109.00	824.00	56.00	1210.00	435.00	617.00	19.00
	110.00	824.00	56.00	1210.00	435.00	617.00	19.00
	111.00	824.00	56.00	1210.00	435.00	617.00	19.00
	112.00	824.00	56.00	1210.00	435.00	617.00	19.00
	113.00	824.00	56.00	1210.00	435.00	617.00	19.00
	114.00	824.00	56.00	1210.00	435.00	617.00	19.00
	115.00	824.00	56.00	1210.00	435.00	617.00	19.00
	116.00	824.00	56.00	1210.00	435.00	617.00	19.00
	117.00	824.00	56.00	1210.00	435.00	617.00	19.00
	118.00	793.00	95.00	1178.00	417.00	589.00	29.00
	119.00	793.00	95.00	1178.00	417.00	589.00	29.00
	120.00	793.00	95.00	1178.00	417.00	589.00	29.00
	121.00	793.00	95.00	1178.00	417.00	589.00	29.00
	122.00	793.00	95.00	1178.00	417.00	589.00	29.00
	123.00	793.00	95.00	1178.00	417.00	589.00	29.00
	124.00	793.00	95.00	1178.00	417.00	589.00	29.00
	125.00	793.00	95.00	1178.00	417.00	589.00	29.00
	126.00	793.00	95.00	1178.00	417.00	589.00	29.00
	127.00	793.00	95.00	1178.00	417.00	589.00	29.00
	128.00	793.00	95.00	1178.00	417.00	589.00	29.00
	129.00	793.00	95.00	1178.00	417.00	589.00	29.00
	130.00	793.00	95.00	1178.00	417.00	589.00	29.00
	131.00	793.00	95.00	1178.00	417.00	589.00	29.00
	132.00	793.00	95.00	1178.00	417.00	589.00	29.00
	133.00	793.00	95.00	1178.00	417.00	589.00	29.00
	134.00	793.00	95.00	1178.00	417.00	589.00	29.00
	135.00	793.00	95.00	1178.00	417.00	589.00	29.00
	136.00	793.00	95.00	1178.00	417.00	589.00	29.00
	137.00	793.00	95.00	1178.00	417.00	589.00	29.00
	138.00	793.00	95.00	1178.00	417.00	589.00	29.00
	139.00	793.00	95.00	1178.00	417.00	589.00	29.00
	140.00	793.00	95.00	1178.00	417.00	589.00	29.00
	141.00	793.00	95.00	1178.00	417.00	589.00	29.00
	142.00	793.00	95.00	1178.00	417.00	589.00	29.00
	143.00	793.00	95.00	1178.00	417.00	589.00	29.00
	144.00	793.00	95.00	1178.00	417.00	589.00	29.00
	145.00	793.00	95.00	1178.00	417.00	589.00	29.00
	146.00	793.00	95.00	1178.00	417.00	589.00	29.00
	147.00	793.00	95.00	1178.00	417.00	589.00	29.00
	148.00	793.00	95.00	1178.00	417.00	589.00	29.00
	149.00	793.00	95.00	1178.00	417.00	589.00	29.00
	150.00	793.00	95.00	1178.00	417.00	589.00	29.00
	151.00	793.00	95.00	1178.00	417.00	589.00	29.00
	152.00	793.00	95.00	1178.00	417.00	589.00	29.00
	153.00	793.00	95.00	1178.00	417.00	589.00	29.00
	154.00	790.00	100.00	1150.00	402.00	583.00	20.00
	155.00	790.00	100.00	1150.00	402.00	583.00	20.00
	156.00	790.00	100.00	1150.00	402.00	583.00	20.00
	157.00	790.00	100.00	1150.00	402.00	583.00	20.00
	158.00	790.00	100.00	1150.00	402.00	583.00	20.00
	159.00	790.00	100.00	1150.00	402.00	583.00	20.00
	160.00	790.00	100.00	1150.00	402.00	583.00	20.00
	161.00	790.00	100.00	1150.00	402.00	583.00	20.00
	162.00	790.00	100.00	1150.00	402.00	583.00	20.00
	163.00	790.00	100.00	1150.00	402.00	583.00	20.00
	164.00	790.00	100.00	1150.00	402.00	583.00	20.00
	165.00	790.00	100.00	1150.00	402.00	583.00	20.00
	166.00	790.00	100.00	1150.00	402.00	583.00	20.00
	167.00	790.00	100.00	1150.00	402.00	583.00	20.00
	168.00	790.00	100.00	1150.00	402.00	583.00	20.00
	169.00	790.00	100.00	1150.00	402.00	583.00	20.00
	170.00	790.00	100.00	1150.00	402.00	583.00	20.00
	171.00	790.00	100.00	1150.00	402.00	583.00	20.00
	172.00	790.00	100.00	1150.00	402.00	583.00	20.00
	173.00	790.00	100.00	1150.00	402.00	583.00	20.00
	174.00	790.00	100.00	1150.00	402.00	583.00	20.00
	175.00	790.00	100.00	1150.00	402.00	583.00	20.00
	176.00	790.00	100.00	1150.00	402.00	583.00	20.00
	177.00	790.00	100.00	1150.00	402.00	583.00	20.00
	178.00	790.00	100.00	1150.00	402.00	583.00	20.00
	179.00	790.00	100.00	1150.00	402.00	583.00	20.00
	180.00	790.00	100.00	1150.00	402.00	583.00	20.00
	181.00	790.00	100.00	1150.00	402.00	583.00	20.00
	182.00	790.00	100.00	1150.00	402.00	583.00	20.00
	183.00	790.00	100.00	1150.00	402.00	583.00	20.00
	184.00	790.00	100.00	1150.00	402.00	583.00	20.00
	185.00	790.00	100.00	1150.00	402.00	583.00	20.00
	186.00	790.00	100.00	1150.00	402.00	583.00	20.00
	187.00	790.00	100.00	1150.00	402.00	583.00	20.00
	188.00	790.00	100.00	1150.00	402.00	583.00	20.00
	189.00	790.00	100.00	1150.00	402.00	583.00	20.00
	190.00	790.00	100.00	1150.00	402.00	583.00	20.00
	191.00	790.00	100.00	1150.00	402.00	583.00	20.00
	192.00	790.00	100.00	1150.00	402.00	583.00	20.00
	193.00	790.00	100.00	1150.00	402.00	583.00	20.00
	194.00	790.00	100.00	1150.00	402.00	583.00	20.00
	195.00	790.00	100.00	1150.00	402.00	583.00	20.00
	196.00	790.00	100.00	1150.00	402.00	583.00	20.00
	197.00	790.00	100.00	1150.00	402.00	583.00	20.00
	198.00	790.00	100.00	1150.00	402.00	583.00	20.00
	199.00	790.00	100.00	1150.00	402.00	583.00	20.00
	200.00	790.00	100.00	1150.00	402.00	583.00	20.00
	201.00	790.00	100.00	1150.00	402.00	583.00	20.00
	202.00	790.00	100.00	1150.00	402.00	583.00	20.00
	203.00	790.00	100.00	1150.00	402.00	583.00	20.00
	204.00	790.00	100.00	1150.00	402.00	583.00	20.00
	205.00	790.00	100.00	1150.00	402.00	583.00	20.00
	206.00	790.00	100.00	1150.00	402.00	583.00	20.00
	207.00	790.00	100.00	1150.00	402.00	583.00	20.00
	208.00	790.00	100.00	1150.00	402.00	583.00	20.00
	209.00	790.00	100.00	1150.00	402.00	583.00	20.00
	210.00	790.00	100.00	1150.00	402.00	583.00	20.00
	211.00	790.00	100.00	1150.00	402.00	583.00	20.00
	212.00	790.00	100.00	1150.00	402.00	583.00	20.00
	213.00	790.00	100.00	1150.00	402.00	583.00	20.00
	214.00	790.00	100.00	1150.00	402.00	583.00	20.00
	215.00	790.00	100.00	1150.00	402.00	583.00	20.00
	216.00	790.00	100.00	1150.00	402.00	583.00	20.00
	217.00	790.00	100.00	1150.00	402.00	583.00	20.00
	218.00	790.00	100.00	1150.00	402.00	583.00	20.00
	219.00	790.00	100.00	1150.00	402.00	583.00	20.00
	220.00	790.00	100.00	1150.00	402.00	583.00	20.00
	221.00	790.00	100.00	1150.00	402.00	583.00	20.00
	222.00	790.00	100.00	1150.00	402.00	583.00	20.00
	223.00	790.00	100.00	1150.00	402.00	583.00	20.00
	224.00	790.00	100.00	1150.00	402.00	583.00	20.00
	225.00	790.00	100.00	1150.00	402.00	583.00	20.00
	226.00	790.00	100.00	1150.00	402.00	583.00	20.00
	227.00	790.00	100.00	1150.00	402.00	583.00	20.00
	228.00	790.00	100.00	1150.00	402.00	583.00	20.00
	229.00	790.00	100.00	1150.00	402.00	583.00	20.00
	230.00	790.00	100.00	1150.00	402.00	583.00	20.00
	231.00	790.00	100.00	1150.00	402.00	583.00	20.00
	232.00	790.00	100.00	1150.00	402.00	583.00	20.00
	233.00	790.00	100.00	1150.00	402.00	583.00	20.00
	234.00	790.00	100.00	1150.00	402.00	583.00	20.00
	235.00	790.00	100.00	1150.00	402.00	583.00	20.00
	236.00	790.00	100.00	1150.00	402.00	583.00	20.00
	237.00	790.00	100.00	1150.00	402.00	583.00	20.00
	238.00	790.00	100.00	1150.00	402.00	583.00	20.00
	239.00	790.00	100.00	1150.00	402.00	583.00	20.00
	240.00	790.00	100.00	1150.00	402.00	583.00	20.00
	241.00	790.00	100.00	1150.00	402.00	583.00	20.00
	242.00	790.00	100.00	1150.00	402.00	583.00	20.00
	243.00	790.00	100.00	1150.00	402.00	583.00	20.00
	244.00	790.00	100.00	1150.00	402.00	583.00	20.00
	245.00	790.00	100.00	1150.00	402.00	583.00	20.00
	246.00	790.00	100.00	1150.00	402.00	583.00	20.00
	247.00	790.00	100.00	1150.00	402.00	583.00	20.00
	248.00	790.00	100.00	1150.00	402.00	583.00	20.00
	249.00	790.00	100.00	1150.00	402.00	583.00	20.00
	250.00	790.00	100.00	1150.00	402.00	583.00	20.00
	251.00	790.00	100.00	1150.00	402.00	583.00	20.00
	252.00	790.00	100.00	1150.00	402.00	583.00	20.00
	253.00	790.00	100.00	1150.00	402.00	583.00	20.00
	254.00	790.00	100.00	1150.00	402.00	583.00	20.00
	255.00	790.00	100.00	1150.00	402.00	583.00	20.00
	256.00	790.00	100.00	1150.00	402.00	583.00	20.00
	257.00	790.00	100.00	1150.00	402.00	583.00	20.00
	258.00	790.00	100.00	1150.00	402.00	583.00	20.00
	259.00	790.00	100.00	1150.00	402.00	583.00	20.00
	260.00	790.00	100.00	1150.00	402.00	583.00	20.00
	261.00	790.00	100.00	1150.00	402.00	583.00	20.00
	262.00	790.00	100.00	1150.00	402.00	583.00	20.00
	263.00	790.00	100.00	1150.00	402.00	583.00	20.00
	264.00	790.00	100.00	1150.00	402.00	583.00	20.00
	265.00	790.00	100.00	1150.00	402.00	583.00	20.00
	266.00	790.00	100.00	1150.00	402.00	583.00	20.00
	267.00	790.00	100.00	1150.00	402.00	583.00	20.00
	268.00	790.00	100.00	1150.00	402.00	583.00	20.00
	269.00	790.00	100.00	1150.00	402.00	583.00	20.00
	270.00	790.00	100.00	1150.00	402.00	583.00	20.00
	271.00	790.00	100.00	1150.00	402.00	583.00	20.00
	272.00	790.00	100.00	1150.00	402.00	583.00	20.00
	273.00	790.00	100.00	1150.00	402.00	583.00	20.00
	274.00	790.00	100.00	1150.00	402.00	583.00	20.00
	275.00	790.00	100.00	1150.00	402.00	583.00	20.00
	276.00	790.00	100.00	1150.00	402.00	583.00	20.00
	277.00	790.00	100.00	1150.00	402.00	583.00	20.00
	278.00	790.00	100.00	1150.00	402.00	583.00	20.00
	279.00	790.00	100.00	1150.00	402.00	583.00	20.00
	280.00	790.00	100.00	1150.00	402.00	583.00	20.00
	281.00	790.00	100.00	1150.00	402.00	583.00	20.00
	282.00	790.00	100.00	1150.00	402.00	583.00	20.00
	283.00	790.00	100.00	1150.00	402.00	583.00	20.00
	284.00	790.00	100.00	1150.00	402.00	583.00	20.00
	285.00	790.00	100.00	1150.00	402.00	583.00	20.00
	286.00	790.00	100.00	1150.00	402.00	583.00	20.00
	287.00	790.00	100.00	1150.00	402.00	583.00	20.00
	288.00	790.00	100.00	1150.00	402.00	583.00	20.00
	289.00	790.00	100.00	1150.00	402.00	583.00	20.00
	290.00	790.00	100.00	1150.00	402.00	583.00	20.00
	291.00	790.00	100.00	1150.00	402.00	583.00	20.00
	292.00	790.00	100.00	1150.00	402.00	583.00	20.00
	293.00	790.00	100.00	1150.00	402.00	583.00	20.00
	294.00	790.00	100.00	1150.00	402.00	583.00	20.00
	295.00	790.00	100.00	1150.00	402.00	583.00	20.00
	296.00	790.00	100.00	1150.00	402.00	583.00	20.00
	297.00	790.00	100.00	1150.00	402.00	583.00	20.00
	298.00	790.00	100.00	1150.00	402.00	583.00	20.00
	299.00	790.00	100.00	1150.00	402.00	583.00	20.00
	300.00	790.00	100.00	1150.00	402.00	583.00	20.00
	301.00	790.00	100.00	1150.00	402.00	583.00	20.00
	302.00	790.00	100.00	1150.00	402.00	583.00	20.00
	303.00	790.00	100.00	1150.00	402.00	583.00	20.00
	304.00	790.00	100.00	1150.00	402.00	583.00	20.00
	305.00	790.00	100.00	1150.00	402.00	583.00	20.00
	306.00	790.00	100.00	1150.00	402.00	583.00	20.00
	307.00	790.00	100.00	1150.00	402.00	583.00	20.00
	308.00	790.00	100.00	1150.00	402.00	583.00	20.00
	309.00	790.00	100.00	1150.00	402.00	583.00	20.00
	310.00	790.00	100.00	1150.00	402.00	583.00	20.00
	311.00	790.00	100.00	1150.00	402.00	583.00	20.00
	312.00	790.00	100.00	1150.00	402.00	583.00	20.00
	313.00	790.00	100.00	1150.00	402.00	583.00	20.00
	314.00	790.00	100.00	1150.00	402.00	583.00	20.00
	315.00	790.00	100.00	1150.00	402.00	583.00	20.00
	316.00	790.00	100.00	1150.00	402.00	583.00	20.00
	317.00	790.00	100.00	1150.00	402.00	583.00	20.00
	318.00	790.00	100.00	1150.00	402.00	583.00	20.00
	319.00	790.00	100.00	1150.00	402.00	583.00	20.00
	320.00	790.00	100.00	1150.00	402.00	583.00	20.00
	321.00	790.00	100.00	1150.00	402.00	583.00	20.00
	322.00	790.00	100.00	1150.00	402.00	583.00	20.00
	323.00	790.00	100.00	1150.00	402.00	583.00	20.00
	324.00	790.00	100.00	1150.00	402.00	583.00	20.00
	325.00	790.00	100.00	1150.00	402.00	583.00	20.00
	326.00	790.00	100.00	1150.00	402.00	583.00	20.00
	327.00	790.00	100.00	1150.00	402.00	583.00	20.00
	328.00	790.00	100.00	1150.00	402.00	583.00	20.00
	329.00	790.00	100.00	1150.00	402.00	583.00	20.00
	330.00	790.00	100.00	1150.00	402.00	583.00	20.00
	331.00	790.00	100.00	1150.00	402.00	583.00	20.00
	332.00	790.00	100.00	1150.00	402.00	583.00	20.00
	333.00	790.00	100.00	1150.00	402.00	583.00	20.00
	334.00	790.00	100.00	1150.00	402.00	583.00	20.00
	335.00	790.00	100.00	1150.00	402.00	583.00	20.00
	336.00	790.00	100.00	1150.00	402.00	583.00	20.00
	337.00	790.00	100.00	1150.00	402.00	583.00	20.00
	338.00	790.00	100.00	1150.00	402.00	583.00	20.00
	339.00	790.00	100.00	1150.00	402.00	583.00	20.00
	340.00	790.00	100.00	1150.00	402.00	583.00	20.00
	341.00	790.00	100.00	1150.00	402.00	583.00	20.00
	342.00	790.00	100.00	1150.00	402.00	583.00	20.00
	343.00	790.00	100.00	1150.00	402.00	583.00	20.00
	344.00	790.00	100.00	1150.00	402.00	583.00	20.00
	345.00	790.00	100.00	1150.00	402.00	583.00	20.00
	346.00	790.00	100.00	1150.00	402.00	583.00	20.00
	347.00	790.00	100.00	1150.00	402.00	583.00	20.00
	348.00	790.00	100.00	1150.00	402.00	583.00	20.00
	349.00	790.00	100.00	1150.00	402.00	583.00	20.00
	350.00	790.00	100.00	1150.00	402.00	583.00	20.00
	351.00	790.00	100.00	1150.00	402.00	583.00	20.00
	352.00	790.00	100.00	1150.00	402.00	583.00	20.00
	353.00	790.00	100.00	1150.00	402.00	583.00	20.00
	354.00	790.00	100.00	1150.00	402.00	583.00	20.00
	355.00	790.00	100.00	1150.00	402.00	583.00	20.00
	356.00	790.00	100.00	1150.00	402.00	583.00	20.00
	357.00	790.00	100.00	1150.00	402.00	583.00	20.00
	358.00	790.00	100.00	1150.00	402.00	583.00	20.00
	359.00	790.00	100.00	1150.00	402.00	583.00	20.00
	360.00	790.00	100.00	1150.00	402.00	583.00	20.00
	361.00	790.00	100.00	1150.00	402.00	583.00	20.00
	362.00	790.00	100.00	1150.00	402.00	583.00	20.00
	363.00	790.00	100.00	1150.00	402.00	583.00	20.00
	364.00	790.00	100.00	1150.00	402.00	583.00	20.00
	365.00	790.00	100.00	1150.00	402.00	583.00	20.00
	366.00	790.00	100.00	1150.00	402.00	583.00	20.00
	367.00	790.00	100.00	1150.00	402.00	583.00	20.00
	368.00	790.00	100.00	1150.00	402.00	583.00	20.00
	369.00	790.00	100.00	1150.00	402.00	583.00	20.00
	370.00	790.00	100.00	1150.00	402.00	583.00	20.00
	371.00	790.00	100.00	1150.00	402.00	583.00	20.00
	372.00	790.00	100.00	1150.00	402.00	583.00	20.00
	373.00	790.00	100.00	1150.00	402.00	583.00	20.00
	374.00	790.00	100.00	1150.00	402.00	583.00	20.00
	375.00	790.00	100.00	1150.00	402.00	583.00	20.00
	376.00	790.00	100.00	1150.00	402.00	583.00	20.00
	377.00	790.00	100.00	1150.00	402.00	583.00	20.00
	378.00	790.00	100.00	1150.00	402.00	583.00	20.00
	379.00	790.00	100.00	1150.00	402.00	583.00	20.00
	380.00	790.00	100.00	1150.00	402.00	583.00	20.00
	381.00	790.00	100.00	1150.00	402.00	583.00	20.00
	382.00	790.00	100.00	1150.00	402.00	583.00	20.00
	383.00	790.00	100.00	1150.00	402.00	583.00	20.00
	384.00	790.00	100.00	1150.00	402.00	583.00	20.00
	385.00	790.00	100.00	1150.00	402.00	583.00	20.00
	386.00	790.00	100.00	1150.00	402.00	583.00	20.00
	387.00	790.00	100.00	1150.00	402.00	583.00	20.00
	388.00	790.00	100.00	1150.00	402.00	583.00	20.00
	389.00	790.00	100.00	1150.00	402.00	583.00	20.00
	390.00	790.00	100.00	1150.00	402.00	583.00	20.00
	391.00	790.00	100.00	1150.00	402.00	583.00	20.00
	392.00	790.00	100.00	1150.00	402.00	583.00	20.00
	393.00	790.00	100.00	1150.00	402.00	583.00	20.00
	394.00	790.00	100.00	1150.00	402.00	583.00	20.00
	395.00	790.00	100.00	1150.00	402.00	583.00	20.00
	396.00	790.00	100.00	1150.00	402.00	583.00	20.00
	397.00	790.00	100.00	1150.00	402.00	583.00	20.00
	398.00	790.00	100.00	1150.00	402.00	583.00	20.00
	399.00	790.00	100.00	1150.00	402.00	583.00	20.00
	400.00	790.00	100.00	1150.00	402.00	583.00	20.00
	401.00	790.00	100.00	1150.00	402.00	583.00	20.00
	402.00	790.00	100.00	1150.00	402.00	583.00	20.00
	403.00	790.00	100.00	1150.00	402.00	583.00	20.00
	404.00	790.00	100.00	1150.00	402.00	583.00	20.00
	405.00	790.00	100.00	1150.00	402.00	583.00	20.00
	406.00	790.00	100.00	1150.00	402.00	583.00	20.00
	407.00	790.00	100.00	1150.00	402.00	583.00	20.00
	408.00	790.00	100.00	1150.00	402.00	583.00	20.00
	409.00	790.00	100.00	1150.00	402.00	583.00	20.00
	410.00	790.00	100.00	1150.00	402.00	583.00	20.00
	411.00	790.00	100.00	1150.00	402.00	583.00	20.00
	412.00	790.00	100.00	1150.00	402.00	583.00	20.00
	413.00	790.00	100.00	1150.00	402.00	583.00	20.00
	414.00	790.00	100.00	1150.00	402.00	583.00	20.00
	415.00	790.00	100.00	1150.00	402.00	583.00	20.00
	416.00	790.00	100.00	1150.00	402.00	583.00	20.00
	417.00	790.00	100.00	1150.00	402.00	583.00	20.00
	418.00	790.00	100.00	1150.00	402.00	583.00	20.00
	419.00	790.00	100.00	1150.00	402.00	583.00	20.00
	420.00	790.00	100.00	1150.00	402.00	583.00	20.00
	421.00	790.00	100.00	1150.00	402.00	583.00	20.00
	422.00	790.00	100.00	1150.00	402.00	583.00	20.00
	423.00	790.00	100.00	1150.00	402.00	583.00	20.00
	424.00	790.00	100.00	1150.00	402.00	583.00	20.00
	425.00	790.00	100.00	1150.00	402.00	583.00	20.00
	426.00	790.00	100.00	1150.00	402.00	583.00	20.00
	427.00	790.00	100.00	1150.00	402.00	583.00	20.00
	428.00	790.00	100.00	1150.00	402.00	583.00	20.00
	429.00	790.00	100.00	1150.00	402.00	583.00	20.00
	430.00	790.00	100.00	1150.00	402.00	583.00	20.00
	431.00	790.00	100.00	1150.00	402.00	583.00	20.00
	432.00	790.00	100.00	1150.00	402.00	583.00	20.00
	433.00	790.00	100.00	1150.00	402.00	583.00	20.00
	434.00	790.00	100.00	1150.00	402.00	583.00	20.00
	435.00	790.00	100.00	1150.00	402.00	583.00	20.00
	436.00	790.00	100.00	1150.00	402.00	583.00	20.00
	437.00	790.00	100.00	1150.00	402.00	583.00	20.00
	438.00	790.00	100.00	1150.00	402.00	583.00	20.00
	439.00	790.00	100.00	1150.00	402.00	583.00	20.00
	440.00	790.00	100.00	1150.00	402.00	583.00	20.00
	441.00	790.00	100.00	1150.00	402.00	583.00	20.00
	442.00	790.00	100.00	1150.00	402.00	583.00	20.00
	443.00	790.00	100.00	1150.00	402.00	583.00	20.00
	444.00	790.00	100.00	1150.00	402.00	583.00	20.00
	445.00	790.00	100.00	1150.00	402.00	583.00	20.00
	446.00	790.00	100.00	1150.00	402.00	583.00	20.00
	447.00	790.00	100.00	1150.00	402.00	583.00	20.00
	448.00	790.00	100.00	1150.00	402.00	583.00	20.00
	449.00	790.00	100.00	1150.00	402.00	583.00	20.00
	450.00	790.00	100.00	1150.00	402.00	583.00	20.00
	451.00	790.00	100.00	1150.00	402.00	583.00	20.00
	452.00	790.00	100.00	1150.00	402.00	583.00	20.00
	453.00	790.00	100.00	1150.00	402.00	583.00	20.00
	454.00	790.00	100.00	1150.00	402.00	583.00	20.00
	455.00	790.00	100.00	1150.00	402.00	583.00	20.00
	456.00	790.00	100.00	1150.00	402.00	583.00	20.00
	457.00	790.00	100.00	1150.00	402.00	583.00	20.00
	458.00	790.00	100.00	1150.00	402.00	583.00	20.00
	459.00	790.00	100.00	1150.00	402.00	583.00	20.00
	460.00	790.00	100.00	1150.00	402.00	583.00	20.00
	461.00	790.00	100.00	1150.00	402.00	583.00	20.00
	462.00	790.00	100.00	1150.00	402.00	583.00	20.00
	463.00	790.00	100.00	1150.00	402.00	583.00	20.00
	464.00	790.00	100.00	1150.00	402.00	583.00	20.00
	465.00	790.00	100.00	1150.00	402.00	583.00	20.00
	466.00	790.00	100.00	1150.00	402.00	583.00	20.00
	467.00	790.00	100.00	1150.00	402.00	583.00	20.00
	468.00	790.00	100.00	1150.00	402.00	583.00	20.00
	469.00	790.00	100.00	1150.00	402.00	583.00	20.00
	470.00	790.00	100.00	1150.00	402.00	583.00	20.00
	471.00	790.00	100.00	1150.00	402.00	583.00	20.00
	472.00	790.00	100.00	1150.00	402.00	583.00	20.00
	473.00	790.00	100.00	1150.00	402.00	583.00	20.00
	474.00	790.00	100.00	1150.00	402.00	583.00	20.00
	475.00	790.00	100.00	1150.00	402.00	583.00	20.00
	476.00	790.00	100.00	1150.00	402.00	583.00	20.00
	477.00	790.00	100.00	1150.00	402.00	583.00	20.00
	478.00	790.00	100.00	1150.00	402.00	583.00	20.00
	479.00	790.00	100.00	1150.00	402.00	583.00	20.00
	480.00	790.00	100.00	1150.00	402.00	583.00	20.00
	481.00	790.00	100.00	1150.00	402.00	583.00	20.00
	482.00	790.00	100.00	1150.00	402.00	583.00	20.00
	483.00	790.00	100.00	1150.00	402.00	583.00	20.00
	484.00	790.00	100.00	1150.00	402.00	583.00	20.00
	485.00	790.00	100.00	1150.00	402.00	583.00	20.00
	486.00	790.00	100.00	1150.00	402.00	583.00	20.00
	487.00	790.00	100.00	1150.00	402.00	583.00	20.00
	488.00	790.00	100.00	1150.00	402.00	583.00	20.00
	489.00	790.00	100.00	1150.00	402.00	583.00	20.00
	490.00	790.00	100.00	1150.00	402.00	583.00	20.00
	491.00	790.00	100.00	1150.00	402.00	583.00	20.00
	492.00	790.00	100.00	1150.00	402.00	583.00	20.00
	493.00	790.00	100.00	1150.00	402.00	583.00	20.00
	494.00	790.00	100.00	1150.00	402.00	583.00	20.00
	495.00	790.00	100.00	1150.00	402.00	583.00	20.00
	496.00	790.00	100.00	1150.00	402.00	583.00	20.00
	497.00	790.00	100.00	1150.00	402.00	583.00	20.00
	498.00	790.00	100.00	1150.00	402.00	583.00	20.00
	499.00	790.00	100.00	1150.00	402.00	583.00	20.00
	500.00	790.00	100.00	1150.00	402.00	583.00	20.00
	501.00	790.00	100.00	1150.00	402.00	583.00	20.00
	502.00	790.00	100.00	1150.00	402.00	583.00	20.00
	503.00	790.00	100.00	1150.00	402.00	583.00	20.00
	504.00	790.00	100.00	1150.00	402.00	583.00	20.00
	505.00	790.00	100.00	1150.00	402.00	583.00	20.00
	506.00	790.00	100.00	1150.00	402.00	583.00	20.00
	507.00	790.00	100.00	1150.00	402.00	583.00	20.00
	508.00	790.00	100.00	1150.00	402.00	583.00	20.00
	509.00	790.00	100.00	1150.00	402.00	583.00	20.00
	510.00	790.00	100.00	1150.00	402.00	583.00	20.00
	511.00	790.00	100.00	1150.00	402.00	583.00	20.00
	512.00	790.00	100.00	1150.00	402.00	583.00	20.00
	513.00	790.00	100.00	1150.00	402.00	583.00	20.00
	514.00	790.00	100.00	1150.00	402.00	583.00	20.00
	515.00	790.00	100.00	1150.00	402.00	583.00	20.00
	516.00	790.00	100.00	1150.00	402.00	583.00	20.00
	517.00	790.00	100.00	1150.00	402.00	583.00	20.00
	518.00	790.00	100.00	1150.00	402.00	583.00	20.00
	519.00	790.00	100.00	1150.00	402.00	583.00	20.00
	520.00	790.00	100.00	1150.00	402.00	583.00	20.00
	521.00	790.00	100.00	1150.00	402.00	583.00	20.00
	522.00	790.00	100.00	1150.00	402.00	583.00	20.00
	523.00	790.00	100.00	1150.00	402.00	583.00	20.00
	524.00	790.00	100.00	1150.00	402.00	583.00	20.00
	525.00	790.00	100.00	1150.00	402.00	583.00	20.00
	526.00	790.00	100.00	1150.00	402.00	583.00	20.00
	527.00	790.00	100.00	1150.00	402.00	583.00	20.00
	528.00	790.00	100.00	1150.00	402.00	583.00	20.00
	529.00	790.00	100.00	1150.00	402.00	583.00	20.00
	530.00	790.00	100.00	1150.00	402.00	583.00	20.00
	531.00	790.00	100.00	1150.00	402.00	583.00	20.00
	532.00	790.00	100.00	1150.00	402.00	583.00	20.00
	533.00	790.00	100.00	1150.00	402.00	583.00	20.00
	534.00	790.00	100.00	1150.00	402.00	583.00	20.00
	535.00	790.00	100.00	1150.00	402.00	583.00	20.00
	536.00	790.00	100.00	1150.00	402.00	583.00	20.00
	537.00	790.00	100.00	1150.00	402.00	583.00	20.00
	538.00	790.00	100.00	1150.00	402.00	583.00	20.00
	539.00	790.00	100.00	1150.00	402.00	583.00	20.00
	540.00	790.00	100.00	1150.00	402.00	583.00	20.00
	541.00	790.00	100.00	1150.00	402.00	583.00	20.00
	542.00	790.00	100.00	1150.00	402.00	583.00	20.00
	543.00	790.00	100.00	1150.00	402.00	583.00	20.00
	544.00	790.00	100.00	1150.00	402.00	583.00	20.00
	545.00	790.00	100.00	1150.00	402.00	583.00	20.00
	546.00	790.00	100.00	1150.00	402.00	583.00	20.00
	547.00	790.00	100.00	1150.00	402.00	583.00	20.00
	548.00	790.00	100.00	1150.00	402.00	583.00	20.00
	549.00	790.00	100.00	1150.00	402.00	583.00	20.00
	550.00	790.00	100.00	1150.00	402.00	583.00	20.00
	551.00	790.00	100.00	1150.00	402.00	583.00	20.00
	552.00	790.00	100.00	1150.00	402.00	583.00	20.00
	553.00	790.00	100.00	1150.00	402.00	583.00	20.00
	554.00	790.00	100.00	1150.00	402.00	583.00	20.00
	555.00	790.00	100.00	1150.00	402.00	583.00	20.00
	556.00	790.00	100.00	1150.00	402.00	583.00	20.00
	557.00	790.00	100.00	1150.00	402.00	583.00	20.00
	558.00	790.00	100.00	1150.00	402.00	583.00	20.00
	559.00	790.00	100.00	1150.00	402.00	583.00	20.00
	560.00	790.00	100.00	1150.00	402.00	583.00	20.00
	561.00	790.00	100.00	1150.00	402.00	583.00	20.00
	562.00	790.00	100.00	1150.00	402.00	583.00	20.00
	563.00	790.00	100.00	1150.00	402.00	583.00	20.00
	564.00	790.00	100.00	1150.00	402.00	583.00	20.00
	565.00	790.00	100.00	1150.00	402.00	583.00	20.00
	566.00	790.00	100.00	1150.00	402.00	583.00	20.00
	567.00	790.00	100.00	1150.00	402.00	583.00	20.00
	568.00	790.00	100.00	1150.00	402.00	583.00	20.00
	569.00	790.00	100.00	1150.00	402.00	583.00	20.00
	570.00	790.00	100.00	1150.00	402.00	583.00	20.00
	571.00	790.00	100.00	1150.00	402.00	583.00	20.00
	572.00	790.00	100.00	1150.00	402.00	583.00	20.00
	573.00	790.00	100.00	1150.00	402.00	583.00	20.00
	574.00	790.00	100.00	1150.00	402.00	583.00	20.00
	575.00	790.00	100.00	1150.00	402.00	583.00	20.00
	576.00	790.00	100.00	1150.00	402.00	583.00	20.00
	577.00	790.00	100.00	1150.00	402.00	583.00	20.00
	578.00	790.00	100.00	1150.00	402.00	583.00	20.00
	579.00	790.00	100.00	1150.00	402.00	583.00	20.00
	580.00	790.00	100.00	1150.00	402.00	583.00	20.00
	581.00	790.00	100.00	1150.00	402.00	583.00	20.00
	582.00	790.00	100.00	1150.00	402.00	583.00	20.00
	583.00	790.00	100.00	1150.00	402.00	583.00	20.00
	584.00	790.00	100.00	1150.00	402.00	583.00	20.00
	585.00	790.00	100.00	1150.00	402.00	583.00	20.00
	586.00	790.00	100.00	1150.00	402.00	583.00	20.00
	587.00	790.00	100.00	1150.00	402.00	583.00	20.00
	588.00	790.00	100.00	1150.00	402.00	583.00	20.00
	589.00	790.00	100.00	1150.00	402.00	583.00	20.00
	590.00	790.00	100.00	1150.00	402.00	583.00	20.00
	591.00	790.00	100.00	1150.00	402.00	583.00	20.00
	592.00	790.00	100.00	1150.00	402.00	583.00	20.00
	593.00	790.00	100.00	1150.00	402.00	583.00	20.00
	594.00	790.00	100.00	1150.00	402.00	583.00	20.00
	595.00	790.00	100.00	1150.00	402.00	583.00	20.00
	596.00	790.00	100.00	1150.00	402.00	583.00	20.00
	597.00	790.00	100.00	1150.00	402.00	583.00	20.00
	598.00	790.00	100.00	1150.00	402.00	583.00	20.00
	599.00	790.00	100.00	1150.00	402.00	583.00	20.00
	600.00	790.00	100.00	1150.00	402.00	583.00	20.00
	601.00	790.00	100.00	1150.00	402.00	583.00	20.00
	602.00	790.00	100.00	1150.00	402.00	583.00	20.00
	603.00	790.00	100.00	1150.00	402.00	583.00	20.00
	604.00	790.00	100.00	1150.00	402.00	583.00	20.00
	605.00	790.00	100.00	1150.00	402.00	583.00	20.00
	606.00	790.00	100.00	1150.00	402.00	583.00	20.00
	607.00	790.00	100.00	1150.00	402.00	583.00	20.00
	608.00	790.00	100.00	1150.00	402.00	583.00	20.00
	609.00	790.00	100.00	1150.00	402.00	583.00	20.00
	610.00	790.00	100.00	1150.00	402.00	583.00	20.00
	611.00	790.00	100.00	1150.00	402.00	583.00	20.00
	612.00	790.00	100.00	1150.00	402.00	583.00	20.00
	613.00	790.00	100.00	1150.00	402.00	583.00	20.00
	614.00	790.00	100.00	1150.00	402.00	583.00	20.00
	615.00	790.00	100.00	1150.00	402.00	583.00	20.00
	616.00	790.00	100.00	1150.00	402.00	583.00	20.00
	617.00	790.00	100.00	1150.00	402.00	583.00	20.00
	618.00	790.00	100.00	1150.00	402.00	583.00	20.00
	619.00	790.00	100.00	1150.00	402.00	583.00	20.00
	620.00	790.00	100.00	1150.00	402.00	583.00	20.00
	621.00	790.00	100.00	1150.00	402.00	583.00	20.00
	622.00	790.00	100.00	1150.00	402.00	583.00	20.00
	623.00	790.00	100.00	1150.00	402.00	583.00	20.00
	624.00	790.00	100.00	1150.00	402.00	583.00	20.00
	625.00	790.00	100.00	1150.00	402.00	583.00	20.00
	626.00	790.00	100.00	1150.00	402.00	583.00	20.00
	627.00	790.00	100.00	1150.00	402.00	583.00	20.00
	628.00	790.00	100.00	1150.00	402.00	583.00	20.00
	629.00	790.00	100.00	1150.00	402.00	583.00	20.00
	630.00	790.00	100.00	1150.00	402.00	583.00	20.00
	631.00	790.00	100.00	1150.00	402.00	583.00	20.00
	632.00	790.00	100.00	1150.00	402.00	583.00	20.00
	633.00	790.00	100.00	1150.00	402.00	583.00	20.00
	634.00	790.00	100.00	1150.00	402.00	583.00	20.00
	635.00	790.00	100.00	1150.00	402.00	583.00	20.00
	636.00	790.00	100.00	1150.00	402.00	583.00	20.00
	637.00	790.00	100.00	1150.00	402.00	583.00	20.00
	638.00	790.00	100.00	1150.00	402.00	583.00	20.00
	639.00	790.00	100.00	1150.00	402.00	583.00	20.00
	640.00	790.00	100.00	1150.00	402.00	583.00	20.00
	641.00	790.00	100.00	1150.00	402.00	583.00	20.00
	642.00	790.00	100.00	1150.00	402.00	583.00	20.00
	643.00	790.00	100.00	1150.00	402.00	583.00	20.00
	644.00	790.00	100.00	1150.00	402.00	583.00	20.00
	645.00	790.00	100.00	1150.00	402.00	583.00	20.00
	646.00	790.00	100.00	1150.00	402.00	583.00	20.00
	647.00	790.00	100.00	1150.00	402.00	583.00	20.00
	648.00	790.00	100.00	1150.00	402.00	583.00	20.00
	649.00	790.00	100.00	1150.00	402.00	583.00	20.00
	650.00	790.00	100.00	1150.00	402.00	583.00	20.00
	651.00	790.00	100.00	1150.00	402.00	583.00	20.00
	652.00	790.00	100.00	1150.00	402.00	583.00	20.00
	653.00	790.00	100.00	1150.00	402.00	583.00	20.00
	654.00	790.00	100.00	1150.00	402.00	583.00	20.00
	655.00	790.00	100.00	1150.00	402.00	583.00	20.00
	656.00	790.00	100.00	1150.00	402.00	583.00	20.00
	657.00	790.00	100.00	1150.00	402.00	583.00	20.00
	658.00	790.00	100.00	1150.00	402.00	583.00	20.00
	659.00	790.00	100.00	1150.00	402.00	583.00	20.00
	660.00	790.00	100.00	1150.00	402.00	583.00	20.00
	661.00	790.00	100.00	1150.00	402.00	583.00	20.00
	662.00	790.00	100.00	1150.00	402.00	583.00	20.00
	663.00	790.00	100.00	1150.00	402.00	583.00	20.00
	664.00	790.00	100.00	1150.00	402.00	583.00	20.00
	665.00	790.00	100.00	1150.00	402.00	583.00	20.00
	666.00	790.00	100.00	1150.00	402.00	583.00	20.00
	667.00	790.00	100.00	1150.00	402.00	583.00	20.00
	668.00	790.00	100.00	1150.00	402.00	583.00	20.00
	669.00	790.00	100.00	1150.00	402.00	583.00	20.00
	670.00	790.00	100.00	1150.00	402.00	583.00	20.00
	671.00	790.00	100.00	1150.00	402.00	583.00	20.00
	672.00	790.00	100.00	1150.00	402.00	583.00	20.00
	673.00	790.00	100.00	1150.00	402.00	583.00	20.00
	674.00	790.00	100.00	1150.00	402.00	583.00	20.00
	675.00	790.00	100.00	1150.00	402.00	583.00	20.00
	676.00	790.00	100.00	1150.00	402.00	583.00	20.00
	677.00	790.00	100.00	1150.00	402.00	583.00	20.00
	678.00	790.00	100.00	1150.00	402.00	583.00	20.00
	679.00	790.00	100.00	1150.00	402.00	583.00	20.00
	680.00	790.00	100.00	1150.00	402.00	583.00	20.00
	681.00	790.00	100.00	1150.00	402.00	583.00	20.00
	682.00	790.00	100.00	1150.00	402.00	583.00	20.00
	683.00	790.00	100.00	1150.00	402.00	583.00	20.00
	684.00	790.00	100.00	1150.00	402.00	583.00	20.00
	685.00	790.00	100.00	1150.00	402.00	583.00	20.00
	686.00	790.00	100.00	1150.00	402.00	583.00	20.00
	687.00	790.00	100.00	1150.00	402.00	583.00	20.00
	688.00	790.00	100.00	1150.00	402.00	583.00	20.00
	689.00	790.00	100.00	1150.00	402.00	583.00	20.00
	690.00	790.00	100.00	1150.00	402.00	583.00	20.00
	691.00	790.00	100.00	1150.00	402.00	583.00	20.00
	692.00	790.00	100.00	1150.00	402.00	583.00	20.00
	693.00	790.00	100.00	1150.00	402.00	583.00	20.00
	694.00	790.00	100.00	1150.00	402.00	583.00	20.00
	695.00	790.00	100.00	1150.00	402.00	583.00	20.00
	696.00	790.00	100.00	1150.00	402.00	583.00	20.00
	697.00	790.00	100.00	1150.00	402.00	583.00	20.00
	698.00	790.00	100.00	1150.00	402.00	583.00	20.00
	699.00	790.00	100.00	1150.00	402.00	583.00	20.00
	700.00	790.00	100.00	1150.00	402.00	583.00	20.00
	701.00	790.00	100.00	1150.00	402.00	583.00	20.00
	702.00	790.00	100.00	1150.00	402.00	583.00	20.00
	703.00	790.00	100.00	1150.00	402.00	583.00	20.00
	704.00	790.00	100.00	1150.00	402.00	583.00	20.00
	705.00	790.00	100.00	1150.00	402.00	583.00	20.00
	706.00	790.00	100.00	1150.00	402.00	583.00	20.00
	707.00	790.00	100.00	1150.00	402.00	583.00	20.00
	708.00	790.00	100.00	1150.00	402.00	583.00	20.00
	709.00	790.00	100.00	1150.00	402.00	583.00	20.00
	710.00	790.00	100.00	1150.00	402.00	583.00	20.00
	711.00	790.00	100.00	1150.00	402.00	583.00	20.00
	712.00	790.00	100.00	1150.00	402.00	583.00	20.00
	713.00	790.00	100.00	1150.00	402.00	583.00	20.00
	714.00	790.00	100.00	1150.00	402.00	583.00	20.00
	715.00	790.00	100.00	1150.00	402.00	583.00	20.00
	716.00	790.00	100.00	1150.00	402.00	583.00	20.00
	717.00	790.00	100.00	1150.00	402.00	583.00	20.00
	718.00	790.00	100.00	1150.00	402.00	583.00	20.00
	719.00	790.00	100.00	1150.00	402.00	583.00	20.00
	720.00	790.00	100.00	1150.00	402.00	583.00	20.00
	721.00	790.00	100.00	1150.00	402.00	583.00	20.00
	722.00	790.00	100.00	1150.00	402.00	583.00	20.00
	723.00	790.00	100.00	1150.00	402.00	583.00	20.00
	724.00	790.00	100.00	1150.00	402.00	583.00	20.00
	725.00	790.00	100.00	1150.00	402.00	583.00	20.00
	726.00	790.00	100.00	1150.00	402.00	583.00	20.00
	727.00	790.00	100.00	1150.00	402.00	583.00	20.00
	728.00	790.00	100.00	1150.00	402.00	583.00	20.00
	729.00	790.00	100.00	1150.00	402.00	583.00	20.00
	730.00	790.00	100.00	1150.00	402.00	583.00	20.00
	731.00	790.00	100.00	1150.00	402.00	583.00	20.00
	732.00	790.00	100.00	1150.00	402.00	583.00	20.00
	733.00	790.00	100.00	1150.00	402.00	583.00	20.00
	734.00	790.00	100.00	1150.00	402.00	583.00	20.00
	735.00	790.00	100.00	1150.00	402.00	583.00	20.00
	736.00	790.00	100.00	1150.00	402.00	583.00	20.00
	737.00	790.00	100.00	1150.00	402.00	583.00	20.00
	738.00	790.00	100.00	1150.00	402.00	583.00	20.00
	739.00	790.00	100.00	1150.00	402.00	583.00	20.00
	740.00	790.00	100.00	1150.00	402.00	583.00	20.00
	741.00	790.00	100.00	1150.00	402.00	583.00	20.00
	742.00	790.00	100.00	1150.00	402.00	583.00	20.00
	743.00	790.00	100.00	1150.00	402.00	583.00	20.00
	744.00	790.00	100.00	1150.00	402.00	583.00	20.00
	745.00	790.00	100.00	1150.00	402.00	583.00	20.00
	746.00	790.00	100.00	1150.00	402.00	583.00	20.00
	747.00	790.00	100.00	1150.00	402.00	583.00	20.00
	748.00	790.00	100.00	1150.00	402.00	583.00	20.00
	749.00	790.00	100.00	1150.00	402.00	583.00	20.00
	750.00	790.00	100.00	1150.00	402.00	583.00	20.00
	751.00	790.00	100.00	1150.00	402.00	583.00	20.00
	752.00	790.00	100.00	1150.00	402.00	583.00	20.00
	753.00	790.00	100.00	1150.00	402.00	583.00	20.00
	754.00	790.00	100.00	1150.00	402.00	583.00	20.00
	755.00	790.00	100.00	1150.00	402.00	583.00	20.00
	756.00	790.00	100.00	1150.00	402.00	583.00	20.00
	757.00	790.00	100.00	1150.00	402.00	583.00	20.00
	758.00	790.00	100.00	1150.00	402.00	583.00	20.00
	759.00	790.00	100.00	1150.00	402.00	583.00	20.00
	760.00	790.00	100.00	1150.00	402.00	583.00	20.00
	761.00	790.00	100.00	1150.00	402.00	583.00	20.00
	762.00	790.00	100.00	1150.00	402.00	583.00	20.00
	763.00	790.00	100.00	1150.00	402.00	583.00	20.00
	764.00	790.00	100.00	1150.00	402.00	583.00	20.00
	765.00	790.00	100.00	1150.00	402.00	583.00	20.00
	766.00	790.00	100.00	1150.00	402.00	583.00	20.00
	767.00	790.00	100.00	1150.00	402.00	583.00	20.00
	768.00	790.00	100.00	1150.00	402.00	583.00	20.00
	769.00	790.00	100.00	1150.00	402.00	583.00	20.00
	770.00	790.00	100.00	1150.00	402.00	583.00	20.00
	771.00	790.00	100.00	1150.00	402.00	583.00	20.00
	772.00	790.00	100.00	1150.00	402.00	583.00	20.00
	773.00	790.00	100.00	1150.00	402.00	583.00	20.00
	774.00	790.00	100.00	1150.00	402.00	583.00	20.00
	775.00	790.00	100.00	1150.00	402.00	583.00	20.00
	776.00	790.00	100.00	1150.00	402.00	583.00	20.00
	777.00	790.00	100.00	1150.00	402.00	583.00	20.00
	778.00	790.00	100.00	1150.00	402.00	583.00	20.00
	779.00	790.00	100.00	1150.00	402.00	583.00	20.00
	780.00	790.00	100.00	1150.00	402.00	583.00	20.00
	781.00	790.00	100.00	1150.00	402.00	583.00	20.00
	782.00	790.00	100.00	1150.00	402.00	583.00	20.00
	783.00	790.00	100.00	1150.00	402.00	583.00	20.00
	784.00	790.00	100.00	1150.00	402.00	583.00	20.00
	785.00	790.00	100.00	1150.00	402.00	583.00	20.00
	786.00	790.00	100.00	1150.00	402.00	583.00	20.00
	787.00	790.00	100.00	1150.00	402.00	583.00	20.00
	788.00	790.00	100.00	1150.00	402.00	583.00	20.00
	789.00	790.00	100.00	1150.00	402.00	583.00	20.00
	790.00	790.00	100.00	1150.00	402.00	583.00	20.00
	791.00	790.00	100.00	1150.00	402.00	583.00	20.00
	792.00	790.00	100.00	1150.00	402.00	583.00	20.00
	793.00	790.00	100.00	1150.00	402.00	583.00	20.00
	794.00	790.00	100.00	1150.00	402.00	583.00	20.00
	795.00	790.00	100.00	1150.00	402.00	583.00	20.00
	796.00	790.00	100.00	1150.00	402.00	583.00	20.00
	797.00	790.00	100.00	1150.00	402.00	583.00	20.00
	798.00	790.00	100.00	1150.00	402.00	583.00	20.00
	799.00	790.00	100.00	1150.00	402.00	583.00	20.00
	800.00	790.00	100.00	1150.00	402.00	583.00	20.00
	801.00	790.00	100.00	1150.00	402.00	583.00	20.00
	802.00	790.00	100.00	1150.00	402.00	583.00	20.00
	803.00	790.00	100.00	1150.00	402.00	583.00	20.00
	804.00	790.00	100.00	1150.00	402.00	583.00	20.00
	805.00	790.00	100.00	1150.00	402.00	583.00	20.00
	806.00	790.00	100.00	1150.00	402.00	583.00	20.00
	807.00	790.00	100.00	1150.00	402.00	583.00	20.00
	808.00	790.00	100.00	1150.00	402.00	583.00	20.00
	809.00	790.00	100.00	1150.00	402.00	583.00	20.00
	810.00	790.00	100.00	1150.00	402.00	583.00	20.00
	811.00	790.00	100.00	1150.00	402.00	583.00	20.00
	812.00	790.00	100.00	1150.00	402.00	583.00	20.00
	813.00	790.00	100.00	1150.00	402.00	583.00	20.00
	814.00	790.00	100.00	1150.00	402.00	583.00	20.00
	815.00	790.00	100.00	1150.00	402.00	583.00	20.00
	816.00	790.00	100.00	1150.00	402.00	583.00	20.00
	817.00	790.00	100.00	1150.00	402.00	583.00	20.00
	818.00	790.00	100.00	1150.00	402.00	583.00	20.00
	819.00	790.00	100.00	1150.00	402.00	583.00	20.00
	820.00	790.00	100.00	1150.00	402.00	583.00	20.00
	821.00	790.00	100.00	1150.00	402.00	583.00	20.00
	822.00	790.00	100.00	1150.00	402.00	583.00	20.00
	823.00	790.00	100.00	1150.00	402.00	583.00	20.00
	824.00	790.00	100.00	1150.00	402.00	583.00	20.00
	825.00	790.00	100.00	1150.00	402.00	583.00	20.00
	826.00	790.00	100.00	1150.00	402.00	583.00	20.00
	827.00	790.00	100.00	1150.00	402.00	583.00	20.00
	828.00	790.00	100.00	1150.00	402.00	583.00	20.00
	829.00	790.00	100.00	1150.00	402.00	583.00	20.00
	830.00	790.00	100.00	1150.00	402.00	583.00	20.00
	831.00	790.00	100.00	1150.00	402.00	583.00	20.00
	832.00	790.00	100.00	1150.00	402.00	583.00	20.00
	833.00	790.00	100.00	1150.00	402.00	583.00	20.00
	834.00	790.00	100.00	1150.00	402.00	583.00	20.00
	835.00	790.00	100.00	1150.00	402.00	583.00	20.00
	836.00	790.00	100.00	1150.00	402.00	583.00	20.00
	837.00	790.00	100.00	1150.00	402.00	583.00	20.00
	838.00	790.00	100.00	1150.00	402.00	583.00	20.00
	839.00	790.00	100.00	1150.00	402.00	583.00	20.00
	840.00	790.00	100.00	1150.00	402.00	583.00	20.00
	841.00	790.00	100.00	1150.00	402.00	583.00	20.00
	842.00	790.00	100.00	1150.00	402.00	583.00	20.00
	843.00	790.00	100.00	1150.00	402.00	583.00	20.00
	844.00	790.00	100.00	1150.00	402.00	583.00	20.00
	845.00	790.00	100.00	1150.00	402.00	583.00	20.00
	846.00	790.00	100.00	1150.00	402.00	583.00	20.00
	847.00	790.00	100.00	1150.00	402.00	583.00	20.00
	848.00	790.00	100.00	1150.00	402.00	583.00	20.00
	849.00	790.00	100.00	1150.00	402.00	583.00	20.00
	850.00	790.00	100.00	1150.00	402.00	583.00	20.00
	851.00	790.00	100.00	1150.00	402.00	583.00	20.00
	852.00	790.00	100.00	1150.00	402.00	583.00	20.00
	853.00	790.00	100.00	1150.00	402.00	583.00	20.00
	854.00	790.00	100.00	1150.00	402.00	583.00	20.00
	855.00	790.00	100.00	1150.00	402.00	583.00	20.00
	856.00	790.00	100.00	1150.00	402.00	583.00	20.00
	857.00	790.00	100.00	1150.00	402.00	583.00	20.00
	858.00	790.00	100.00	1150.00	402.00	583.00	20.00
	859.00	790.00	100.00	1150.00	402.00	583.00	20.00
	860.00	790.00	100.00	1150.00	402.00	583.00	20.00
	861.00	790.00	100.00	1150.00	402.00	583.00	20.00
	862.00	790.00	100.00	1150.00	402.00	583.00	20.00
	863.00	790.00	100.00	1150.00	402.00	583.00	20.00
	864.00	790.00	100.00	1150.00	402.00	583.00	20.00
	865.00	790.00	100.00	1150.00	402.00	583.00	20.00
	866.00	790.00	100.00	1150.00	402.00	583.00	20.00
	867.00	790.00	100.00	1150.00	402.00	583.00	20.00
	868.00	790.00	100.00	1150.00	402.00	583.00	20.00
	869.00	790.00	100.00	1150.00	402.00	583.00	20.00
	870.00	790.00	100.00	1150.00	402.00	583.00	20.00
	871.00	790.00	100.00	1150.00	402.00	583.00	20.00
	872.00	790.00	100.00	1150.00	402.00	583.00	20.00
	873.00	790.00	100.00	1150.00	402.00	583.00	20.00
	874.00	790.00	100.00	1150.00	402.00	583.00	20.00
	875.00	790.00	100.00	1150.00	402.00	583.00	20.00
	876.00	790.00	100.00	1150.00	402.00	583.00	20.00
	877.00	790.00	100.00	1150.00	402.00	583.00	20.00
	878.00	790.00	100.00	1150.00	402.00	583.00	20.00
	879.00	790.00	100.00	1150.00	402.00	583.00	20.00
	880.00	790.00	100.00	1150.00	402.00	583.00	20.00
	881.00	790.00	100.00	1150.00	402.00	583.00	20.00
	882.00	790.00	100.00	1150.00	402.00	583.00	20.00
	883.00	790.00	100.00	1150.00	402.00	583.00	20.00
	884.00	790.00	100.00	1150.00	402.00	583.00	20.00
	885.00	790.00	100.00	1150.00	402.00	583.00	20.00
	886.00	790.00	100.00	1150.00	402.00	583.00	20.00
	887.00	790.00	100.00	1150.00	402.00	583.00	20.00
	888.00	790.00	100.00	1150.00	402.00	583.00	20.00
	889.00	790.00	100.00	1150.00	402.00	583.00	20.00
	890.00	790.00	100.00	1150.00	402.00	583.00	20.00
	891.00	790.00	100.00	1150.00	402.00	583.00	20.00
	892.00	790.00	100.00	1150.00	402.00	583.00	20.00
	893.00	790.00	100.00	1150.00	402.00	583.00	20.00
	894.00	790.00	100.00	1150.00	402.00	583.00	20.00
	895.00	790.00	100.00	1150.00	402.00	583.00	20.00
	896.00	790.00	100.00	1150.00	402.00	583.00	20.00
	897.00	790.00	100.00	1150.00	402.00	583.00	20.00
	898.00	790.00	100.00	1150.00	402.00	583.00	20.00
	899.00	790.00	100.00	1150.00	402.00	583.00	20.00
	900.00	790.00	100.00	1150.00	402.00	583.00	20.00
	901.00	790.00	100.00	1150.00	402.00	583.00	20.00
	902.00	790.00	100.00	1150.00	402.00	583.00	20.00
	903.00	790.00	100.00	1150.00	402.00	583.00	20.00
	904.00	790.00	100.00	1150.00	402.00	583.00	20.00
	905.00	790.00	100.00	1150.00	402.00	583.00	20.00
	906.00	790.00	100.00	1150.00	402.00	583.00	20.00
	907.00	790.00	100.00	1150.00	402.00	583.00	20.00
	908.00	790.00	100.00	1150.00	402.00	583.00	20.00
	909.00	790.00	100.00	1150.00	402.00	583.00	20.00
	910.00	790.00	100.00	1150.00	402.00	583.00	20.00
	911.00	790.00	100.00	1150.00	402.00	583.00	20.00
	912.00	790.00	100.00	1150.00	402.00	583.00	20.00
	913.00	790.00	100.00	1150.00	402.00	583.00	20.00
	914.00	790.00	100.00	1150.00	402.00	583.00	20.00
	915.00	790.00	100.00	1150.00	402.00	583.00	20.00
	916.00	790.00	100.00	1150.00	402.00	583.00	20.00
	917.00	790.00	100.00	1150.00	402.00	583.00	20.00
	918.00	790.00	100.00	1150.00	402.00	583.00	20.00
	919.00	790.00	100.00	1150.00	402.00	583.00	20.00
	920.00	790.00	100.00	1150.00	402.00	583.00	20.00
	921.00	790.00	100.00	1150.00	402.00	583.00	20.00
	922.00	790.00	100.00	1150.00	402.00	583.00	20.00
	923.00	790.00	100.00	1150.00	402.00	583.00	20.00
	924.00	790.00	100.00	1150.00	402.00	583.00	20.00
	925.00	790.00	100.00	1150.00	402.00	583.00	20.00
	926.00	790.00	100.00	1150.00	402.00	583.00	20.00
	927.00	790.00	100.00	1150.00	402.00	583.00	20.00
	928.00	790.00	100.00	1150.00	402.00	583.00	20.00
	929.00	790.00	100.00	1150.00	402.00	583.00	20.00
	930.00	790.00	100.00	1150.00	402.00	583.00	20.00
	931.00	790.00	100.00	1150.00	402.00	583.00	20.00
	932.00	790.00	100.00	1150.00	402.00	583.00	20.00
	933.00	790.00	100.00	1150.00	402.00	583.00	20.00
	934.00	790.00	100.00	1150.00	402.00	583.00	20.00
	935.00	775.00	88.00	1209.00	392.00	578.00	14.00
	936.00	775.00	88.00	1209.00	392.00	578.00	14.00
	937.00	775.00	88.00	1209.00	392.00	578.00	14.00
	938.00	775.00	88.00	1209.00	392.00	578.00	14.00
	939.00	775.00	88.00	1209.00	392.00	578.00	14.00
	940.00	775.00	88.00	1209.00	392.00	578.00	14.00
	941.00	775.00	88.00	1209.00	392.00	578.00	14.00
	942.00	775.00	88.00	1209.00	392.00	578.00	14.00
	943.00	775.00	88.00	1209.00	392.00	578.00	14.00
	944.00	775.00	88.00	1209.00	392.00	578.00	14.00
	945.00	775.00	88.00	1209.00	392.00	578.00	14.00
	946.00	775.00	88.00	1209.00	392.00	578.00	14.00
	947.00	775.00	88.00	1209.00	392.00	578.00	14.00
	948.00	775.00	88.00	1209.00	392.00	578.00	14.00
	949.00	775.00	88.00	1209.00	392.00	578.00	14.00
	950.00	775.00	88.00	1209.00	392.00	578.00	14.00
	951.00	775.00	88.00	1209.00	392.00	578.00	14.00
	952.00	775.00	88.00	1209.00	392.00	578.00	14.00
	953.00	775.00	88.00	1209.00	392.00	578.00	14.00
	954.00	775.00	88.00	1209.00	392.00	578.00	14.00
	955.00	775.00	88.00	1209.00	392.00	578.00	14.00
	956.00	775.00	88.00	1209.00	392.00	578.00	14.00
	957.00	775.00	88.00	1209.00	392.00	578.00	14.00
	958.00	775.00	88.00	1209.00	392.00	578.00	14.00
	959.00	775.00	88.00	1209.00	392.00	578.00	14.00
	960.00	775.00	88.00	1209.00	392.00	578.00	14.00
	961.00	775.00	88.00	1209.00	392.00	578.00	14.00
	962.00	775.00	88.00	1209.00	392.00	578.00	14.00
	963.00	775.00	88.00	1209.00	392.00	578.00	14.00
	964.00	775.00	88.00	1209.00	392.00	578.00	14.00
	965.00	775.00	88.00	1209.00	392.00	578.00	14.00
	966.00	775.00	88.00	1209.00	392.00	578.00	14.00
	967.00	775.00	88.00	1209.00	392.00	578.00	14.00
	968.00	775.00	88.00	1209.00	392.00	578.00	14.00
	969.00	775.00	88.00	1209.00	392.00	578.00	14.00
	970.00	775.00	88.00	1209.00	392.00	578.00	14.00
	971.00	775.00	88.00	1209.00	392.00	578.00	14.00
	972.00	775.00	88.00	1209.00	392.00	578.00	14.00
	973.00	775.00	88.00	1209.00	392.00	578.00	14.00
	974.00	775.00	88.00	1209.00	392.00	578.00	14.00
	975.00	775.00	88.00	1209.00	392.00	578.00	14.00
	976.00	775.00	88.00	1209.00	392.00	578.00	14.00
	977.00	775.00	88.00	1209.00	392.00	578.00	14.00
	978.00	775.00	88.00	1209.00	392.00	578.00	14.00
	979.00	775.00	88.00	1209.00	392.00	578.00	14.00
	980.00	775.00	88.00	1209.00	392.00	578.00	14.00
	981.00	775.00	88.00	1209.00	392.00	578.00	14.00
	982.00	775.00	88.00	1209.00	392.00	578.00	14.00
	983.00	775.00	88.00	1209.00	392.00	578.00	14.00
	984.00	775.00	88.00	1209.00	392.00	578.00	14.00
	985.00	775.00	88.00	1209.00	392.00	578.00	14.00
	986.00	775.00	88.00	1209.00	392.00	578.00	14.00
	987.00	775.00	88.00	1209.00	392.00	578.00	14.00
	988.00	775.00	88.00	1209.00	392.00	578.00	14.00
	989.00	775.00	88.00	1209.00	392.00	578.00	14.00
	990.00	775.00	88.00	1209.00	392.00	578.00	14.00
	991.00	775.00	88.00	1209.00	392.00	578.00	14.00
	992.00	775.00	88.00	1209.00	392.00	578.00	14.00
	993.00	775.00	88.00	1209.00	392.00	578.00	14.00
	994.00	775.00	88.00	1209.00	392.00	578.00	14.00
	995.00	775.00	88.00	1209.00	392.00	578.00	14.00
	996.00	775.00	88.00	1209.00	392.00	578.00	14.00
	997.00	775.00	88.00	1209.00	392.00	578.00	14.00
	998.00	775.00	88.00	1209.00	392.00	578.00	14.00
	999.00	775.00	88.00	1209.00	392.00	578.00	14.00