0	31	68	34	34	34	79	79	79	27	69	49	49	28	80	63	49	55	36	36	34	34	68	68	22	69	69	28	17	43	49	38	38	96	96	96	34	49	33	33	33	59	59	35	35	35	35	61	61	70	70	70	60	36	27	43	8	41	42	42	42	42	2	61	44	44	59	59	59	64	43	43	43	37	37	37	58	58	39	27	42	36	36	31	31	31	59	47	26	26	26	49	49	36	36	36	36	67	67	67	18	21	3	3	22	36	17	17	25	25	25	25	25	14	32	32	32	32	31	31	54	25	40	40	37	28	27	27	27	27	1	55	55	55
31	0	44	27	27	27	56	56	56	56	44	26	26	54	57	35	36	38	23	23	3	3	97	97	22	46	46	56	44	18	71	8	8	78	78	78	25	35	27	27	27	88	88	12	12	12	12	90	90	45	45	45	34	8	56	17	36	10	17	17	17	17	29	30	47	47	42	42	42	33	19	19	19	56	56	56	86	86	16	56	71	23	23	60	60	60	41	35	13	13	13	65	65	65	65	65	65	41	41	41	24	13	34	34	17	7	23	23	54	18	18	18	18	17	12	12	12	12	60	60	37	14	17	17	62	54	56	56	56	56	31	38	38	38
68	44	0	37	37	37	17	17	17	93	1	44	44	81	17	41	38	24	34	34	42	42	135	135	52	14	14	94	82	28	86	45	45	38	38	38	36	30	38	38	38	125	125	33	33	33	33	127	127	1	1	1	22	37	93	43	74	41	27	27	27	27	66	38	54	54	26	26	26	37	26	26	26	71	71	71	124	124	44	93	107	34	34	98	98	98	20	36	43	43	43	79	79	102	102	102	102	22	22	22	63	51	71	71	56	47	62	62	91	46	46	46	46	55	36	36	36	36	93	93	25	44	28	28	79	81	93	93	93	93	68	29	29	29
34	27	37	0	1	1	46	46	46	58	38	53	53	45	47	62	15	22	4	4	30	30	100	100	15	36	36	59	47	30	55	35	35	63	63	63	2	16	1	1	1	90	90	24	24	24	24	92	92	38	38	38	49	30	59	44	39	37	21	21	21	21	31	56	23	23	26	26	26	58	19	19	19	40	40	40	89	89	43	58	71	4	4	63	63	63	25	14	16	16	16	48	48	67	67	67	67	54	54	54	29	21	37	37	26	34	27	27	56	12	12	12	12	20	21	21	21	21	57	57	21	15	18	18	48	45	58	58	58	58	34	22	22	22
34	27	37	1	0	1	46	46	46	58	38	53	53	45	47	62	15	22	4	4	30	30	100	100	15	36	36	59	47	30	55	35	35	63	63	63	2	16	1	1	1	90	90	24	24	24	24	92	92	38	38	38	49	30	59	44	39	37	21	21	21	21	31	56	23	23	26	26	26	58	19	19	19	40	40	40	89	89	43	58	71	4	4	63	63	63	25	14	16	16	16	48	48	67	67	67	67	54	54	54	29	21	37	37	26	34	27	27	56	12	12	12	12	20	21	21	21	21	57	57	21	15	18	18	48	45	58	58	58	58	34	22	22	22
34	27	37	1	1	0	46	46	46	58	38	53	53	45	47	62	15	22	4	4	30	30	100	100	15	36	36	59	47	30	55	35	35	63	63	63	2	16	1	1	1	90	90	24	24	24	24	92	92	38	38	38	49	30	59	44	39	37	21	21	21	21	31	56	23	23	26	26	26	58	19	19	19	40	40	40	89	89	43	58	71	4	4	63	63	63	25	14	16	16	16	48	48	67	67	67	67	54	54	54	29	21	37	37	26	34	27	27	56	12	12	12	12	20	21	21	21	21	57	57	21	15	18	18	48	45	58	58	58	58	34	22	22	22
79	56	17	46	46	46	0	1	1	104	16	58	58	90	1	51	42	29	45	45	54	54	146	146	61	10	10	105	93	41	92	57	57	27	27	27	45	35	47	47	47	136	136	46	46	46	46	138	138	16	16	16	31	51	105	56	85	55	39	39	39	39	77	50	60	60	30	30	30	46	38	38	38	77	77	77	135	135	58	104	117	45	45	109	109	109	25	41	55	55	55	85	85	113	113	113	113	32	32	32	75	64	83	83	69	60	73	73	102	57	57	57	57	66	49	49	49	49	103	103	30	56	41	41	89	90	104	104	104	104	79	33	33	33
79	56	17	46	46	46	1	0	1	104	16	58	58	90	1	51	42	29	45	45	54	54	146	146	61	10	10	105	93	41	92	57	57	27	27	27	45	35	47	47	47	136	136	46	46	46	46	138	138	16	16	16	31	51	105	56	85	55	39	39	39	39	77	50	60	60	30	30	30	46	38	38	38	77	77	77	135	135	58	104	117	45	45	109	109	109	25	41	55	55	55	85	85	113	113	113	113	32	32	32	75	64	83	83	69	60	73	73	102	57	57	57	57	66	49	49	49	49	103	103	30	56	41	41	89	90	104	104	104	104	79	33	33	33
79	56	17	46	46	46	1	1	0	104	16	58	58	90	1	51	42	29	45	45	54	54	146	146	61	10	10	105	93	41	92	57	57	27	27	27	45	35	47	47	47	136	136	46	46	46	46	138	138	16	16	16	31	51	105	56	85	55	39	39	39	39	77	50	60	60	30	30	30	46	38	38	38	77	77	77	135	135	58	104	117	45	45	109	109	109	25	41	55	55	55	85	85	113	113	113	113	32	32	32	75	64	83	83	69	60	73	73	102	57	57	57	57	66	49	49	49	49	103	103	30	56	41	41	89	90	104	104	104	104	79	33	33	33
27	56	93	58	58	58	104	104	104	0	94	74	74	20	105	89	73	80	61	61	59	59	57	57	47	94	94	19	25	68	33	63	63	121	121	121	59	74	57	57	57	48	48	60	60	60	60	49	49	94	94	94	84	61	1	68	20	66	67	67	67	67	27	86	64	64	84	84	84	89	68	68	68	38	38	38	46	46	64	1	28	61	61	25	25	25	83	72	51	51	51	44	44	27	27	27	27	92	92	92	44	46	30	30	47	62	42	42	15	50	50	50	50	39	57	57	57	57	9	9	79	50	65	65	27	20	1	1	1	1	27	80	80	80
69	44	1	38	38	38	16	16	16	94	0	45	45	81	17	42	38	24	35	35	42	42	135	135	52	13	13	94	83	28	87	45	45	38	38	38	37	31	39	39	39	126	126	34	34	34	34	128	128	1	1	1	22	38	94	43	74	42	27	27	27	27	67	39	55	55	26	26	26	37	26	26	26	72	72	72	124	124	45	94	108	35	35	98	98	98	21	37	43	43	43	80	80	103	103	103	103	23	23	23	64	52	72	72	57	48	62	62	92	47	47	47	47	55	37	37	37	37	94	94	25	44	29	29	80	81	94	94	94	94	69	29	29	29
49	26	44	53	53	53	58	58	58	74	45	0	1	77	59	17	60	55	49	49	23	23	114	114	48	49	49	75	52	28	97	24	24	79	79	79	51	55	53	53	53	105	105	34	34	34	34	107	107	45	45	45	29	25	74	9	56	16	37	37	37	37	51	19	73	73	58	58	58	22	38	38	38	82	82	82	104	104	13	74	88	49	49	77	77	77	52	58	39	39	39	91	91	83	83	83	83	36	36	36	41	35	46	46	38	24	40	40	72	44	44	44	44	42	36	36	36	36	78	78	54	40	39	39	86	77	74	74	74	74	49	57	57	57
49	26	44	53	53	53	58	58	58	74	45	1	0	77	59	17	60	55	49	49	23	23	114	114	48	49	49	75	52	28	97	24	24	79	79	79	51	55	53	53	53	105	105	34	34	34	34	107	107	45	45	45	29	25	74	9	56	16	37	37	37	37	51	19	73	73	58	58	58	22	38	38	38	82	82	82	104	104	13	74	88	49	49	77	77	77	52	58	39	39	39	91	91	83	83	83	83	36	36	36	41	35	46	46	38	24	40	40	72	44	44	44	44	42	36	36	36	36	78	78	54	40	39	39	86	77	74	74	74	74	49	57	57	57
28	54	81	45	45	45	90	90	90	20	81	77	77	0	91	89	59	66	47	47	57	57	60	60	33	80	80	26	39	63	20	62	62	107	107	107	45	59	44	44	44	51	51	53	53	53	53	52	52	82	82	82	80	57	20	71	29	64	60	60	60	60	26	83	46	46	70	70	70	85	61	61	61	20	20	20	49	49	67	20	31	47	47	33	33	33	69	57	44	44	44	26	26	31	31	31	31	87	87	87	43	45	32	32	46	61	42	42	23	40	40	40	40	38	50	50	50	50	17	17	65	44	59	59	9	1	20	20	20	20	28	65	65	65
80	57	17	47	47	47	1	1	1	105	17	59	59	91	0	52	43	29	46	46	55	55	147	147	62	11	11	106	94	42	93	58	58	28	28	28	46	36	48	48	48	137	137	47	47	47	47	139	139	16	16	16	32	52	105	57	86	56	40	40	40	40	78	51	61	61	31	31	31	47	39	39	39	78	78	78	136	136	58	105	118	46	46	110	110	110	26	42	56	56	56	86	86	114	114	114	114	33	33	33	76	65	83	83	69	61	74	74	103	58	58	58	58	67	50	50	50	50	103	103	31	57	42	42	89	91	105	105	105	105	80	34	34	34
63	35	41	62	62	62	51	51	51	89	42	17	17	89	52	0	66	55	57	57	32	32	129	129	57	48	48	89	67	34	106	35	35	73	73	73	59	61	61	61	61	119	119	43	43	43	43	121	121	43	43	43	20	32	89	20	70	25	43	43	43	43	64	6	81	81	57	57	57	5	45	45	45	91	91	91	118	118	24	89	103	57	57	91	91	91	52	64	47	47	47	100	100	97	97	97	97	25	25	25	56	47	60	60	52	37	54	54	86	52	52	52	52	52	45	45	45	45	93	93	56	48	47	47	97	89	89	89	89	89	63	60	60	60
49	36	38	15	15	15	42	42	42	73	38	60	60	59	43	66	0	16	17	17	37	37	114	114	30	32	32	74	63	32	58	41	41	50	50	50	15	9	16	16	16	105	105	27	27	27	27	107	107	38	38	38	50	36	74	50	54	44	23	23	23	23	46	60	23	23	13	13	13	62	21	21	21	44	44	44	103	103	50	73	85	17	17	78	78	78	18	1	29	29	29	47	47	82	82	82	82	55	55	55	44	36	52	52	41	41	42	42	71	27	27	27	27	35	25	25	25	25	72	72	15	29	21	21	57	59	74	74	74	74	49	9	9	9
55	38	24	22	22	22	29	29	29	80	24	55	55	66	29	55	16	0	22	22	37	37	122	122	37	18	18	81	69	27	67	40	40	42	42	42	21	7	23	23	23	112	112	27	27	27	27	114	114	24	24	24	38	35	80	46	61	43	22	22	22	22	53	50	35	35	4	4	4	51	20	20	20	52	52	52	111	111	47	80	93	22	22	85	85	85	4	15	34	34	34	59	59	89	89	89	89	42	42	42	51	43	59	59	48	42	49	49	78	34	34	34	34	42	29	29	29	29	79	79	1	35	22	22	65	66	80	80	80	80	55	7	7	7
36	23	34	4	4	4	45	45	45	61	35	49	49	47	46	57	17	22	0	1	25	25	103	103	18	35	35	62	50	27	58	30	30	63	63	63	2	17	4	4	4	93	93	19	19	19	19	95	95	36	36	36	46	25	61	39	42	33	18	18	18	18	34	52	26	26	26	26	26	54	17	17	17	43	43	43	92	92	39	61	74	1	1	66	66	66	25	15	13	13	13	51	51	70	70	70	70	51	51	51	32	24	40	40	29	29	30	30	59	12	12	12	12	23	16	16	16	16	59	59	21	12	16	16	51	47	61	61	61	61	36	22	22	22
36	23	34	4	4	4	45	45	45	61	35	49	49	47	46	57	17	22	1	0	25	25	103	103	18	35	35	62	50	27	58	30	30	63	63	63	2	17	4	4	4	93	93	19	19	19	19	95	95	36	36	36	46	25	61	39	42	33	18	18	18	18	34	52	26	26	26	26	26	54	17	17	17	43	43	43	92	92	39	61	74	1	1	66	66	66	25	15	13	13	13	51	51	70	70	70	70	51	51	51	32	24	40	40	29	29	30	30	59	12	12	12	12	23	16	16	16	16	59	59	21	12	16	16	51	47	61	61	61	61	36	22	22	22
34	3	42	30	30	30	54	54	54	59	42	23	23	57	55	32	37	37	25	25	0	1	100	100	25	44	44	59	46	16	74	5	5	76	76	76	28	34	30	30	30	91	91	11	11	11	11	92	92	43	43	43	31	5	59	14	39	8	15	15	15	15	32	27	50	50	40	40	40	30	17	17	17	59	59	59	89	89	14	59	74	25	25	63	63	63	39	35	16	16	16	68	68	68	68	68	68	39	39	39	27	15	37	37	20	6	26	26	56	20	20	20	20	20	13	13	13	13	63	63	36	16	16	16	65	57	59	59	59	59	34	37	37	37
34	3	42	30	30	30	54	54	54	59	42	23	23	57	55	32	37	37	25	25	1	0	100	100	25	44	44	59	46	16	74	5	5	76	76	76	28	34	30	30	30	91	91	11	11	11	11	92	92	43	43	43	31	5	59	14	39	8	15	15	15	15	32	27	50	50	40	40	40	30	17	17	17	59	59	59	89	89	14	59	74	25	25	63	63	63	39	35	16	16	16	68	68	68	68	68	68	39	39	39	27	15	37	37	20	6	26	26	56	20	20	20	20	20	13	13	13	13	63	63	36	16	16	16	65	57	59	59	59	59	34	37	37	37
68	97	135	100	100	100	146	146	146	57	135	114	114	60	147	129	114	122	103	103	100	100	0	1	88	135	135	45	63	109	69	103	103	162	162	162	101	115	99	99	99	15	15	101	101	101	101	18	18	136	136	136	126	103	57	108	61	108	108	108	108	108	69	127	101	101	125	125	125	130	109	109	109	76	76	76	16	16	105	56	29	103	103	42	42	42	125	113	93	93	93	81	81	33	33	33	33	133	133	133	85	87	72	72	88	102	83	83	50	92	92	92	92	80	98	98	98	98	51	51	121	92	107	107	63	60	57	57	57	57	68	121	121	121
68	97	135	100	100	100	146	146	146	57	135	114	114	60	147	129	114	122	103	103	100	100	1	0	88	135	135	45	63	109	69	103	103	162	162	162	101	115	99	99	99	15	15	101	101	101	101	18	18	136	136	136	126	103	57	108	61	108	108	108	108	108	69	127	101	101	125	125	125	130	109	109	109	76	76	76	16	16	105	56	29	103	103	42	42	42	125	113	93	93	93	81	81	33	33	33	33	133	133	133	85	87	72	72	88	102	83	83	50	92	92	92	92	80	98	98	98	98	51	51	121	92	107	107	63	60	57	57	57	57	68	121	121	121
22	22	52	15	15	15	61	61	61	47	52	48	48	33	62	57	30	37	18	18	25	25	88	88	0	51	51	47	36	32	50	30	30	78	78	78	16	30	14	14	14	79	79	24	24	24	24	81	81	53	53	53	48	25	47	39	27	33	31	31	31	31	20	52	26	26	41	41	41	54	32	32	32	35	35	35	77	77	39	47	60	18	18	51	51	51	40	29	15	15	15	44	44	56	56	56	56	56	56	56	19	15	25	25	17	29	17	17	45	11	11	11	11	9	21	21	21	21	45	45	36	14	29	29	41	33	47	47	47	47	22	36	36	36
69	46	14	36	36	36	10	10	10	94	13	49	49	80	11	48	32	18	35	35	44	44	135	135	51	0	1	94	83	32	82	47	47	32	32	32	35	25	37	37	37	126	126	36	36	36	36	128	128	13	13	13	28	42	94	48	75	46	29	29	29	29	67	43	50	50	20	20	20	43	28	28	28	67	67	67	125	125	49	94	106	35	35	99	99	99	15	31	45	45	45	75	75	103	103	103	103	29	29	29	65	54	72	72	58	49	63	63	92	47	47	47	47	55	39	39	39	39	92	92	19	46	30	30	78	80	94	94	94	94	69	23	23	23
69	46	14	36	36	36	10	10	10	94	13	49	49	80	11	48	32	18	35	35	44	44	135	135	51	1	0	94	83	32	82	47	47	32	32	32	35	25	37	37	37	126	126	36	36	36	36	128	128	13	13	13	28	42	94	48	75	46	29	29	29	29	67	43	50	50	20	20	20	43	28	28	28	67	67	67	125	125	49	94	106	35	35	99	99	99	15	31	45	45	45	75	75	103	103	103	103	29	29	29	65	54	72	72	58	49	63	63	92	47	47	47	47	55	39	39	39	39	92	92	19	46	30	30	78	80	94	94	94	94	69	23	23	23
28	56	94	59	59	59	105	105	105	19	94	75	75	26	106	89	74	81	62	62	59	59	45	45	47	94	94	0	23	68	39	64	64	121	121	121	59	74	58	58	58	35	35	60	60	60	60	37	37	95	95	95	85	62	18	69	20	67	67	67	67	67	27	86	70	70	84	84	84	89	68	68	68	44	44	44	34	34	65	18	19	62	62	12	12	12	84	73	52	52	52	50	50	13	13	13	13	92	92	92	44	46	31	31	47	62	43	43	5	50	50	50	50	39	57	57	57	57	10	10	80	51	66	66	33	26	19	19	19	19	28	80	80	80
17	44	82	47	47	47	93	93	93	25	83	52	52	39	94	67	63	69	50	50	46	46	63	63	36	83	83	23	0	57	55	41	41	110	110	110	48	63	46	46	46	53	53	49	49	49	49	55	55	83	83	83	73	50	25	46	11	47	56	56	56	56	18	65	58	58	73	73	73	69	57	57	57	48	48	48	52	52	43	25	36	50	50	25	25	25	72	61	40	40	40	60	60	31	31	31	31	80	80	80	22	34	13	13	27	40	21	21	20	39	39	39	39	28	46	46	46	46	27	27	68	39	54	54	48	39	25	25	25	25	17	69	69	69
43	18	28	30	30	30	41	41	41	68	28	28	28	63	42	34	32	27	27	27	16	16	109	109	32	32	32	68	57	0	79	20	20	63	63	63	29	27	31	31	31	100	100	13	13	13	13	102	102	29	29	29	24	12	68	19	49	18	9	9	9	9	41	29	47	47	30	30	30	31	10	10	10	64	64	64	99	99	20	68	83	27	27	73	73	73	29	30	19	19	19	72	72	77	77	77	77	30	30	30	38	26	46	46	31	22	36	36	66	24	24	24	24	29	16	16	16	16	72	72	26	20	14	14	72	63	68	68	68	68	43	29	29	29
49	71	86	55	55	55	92	92	92	33	87	97	97	20	93	106	58	67	58	58	74	74	69	69	50	82	82	39	55	79	0	79	79	103	103	103	56	61	56	56	56	59	59	71	71	71	71	61	61	87	87	87	97	74	33	88	49	81	70	70	70	70	47	101	38	38	68	68	68	103	69	69	69	21	21	21	58	58	87	32	40	58	58	46	46	46	70	57	62	62	62	13	13	42	42	42	42	103	103	103	64	62	52	52	63	78	62	62	35	57	57	57	57	56	68	68	68	68	29	29	66	61	67	67	12	20	33	33	33	33	49	64	64	64
38	8	45	35	35	35	57	57	57	63	45	24	24	62	58	35	41	40	30	30	5	5	103	103	30	47	47	64	41	20	79	0	1	79	79	79	33	38	34	34	34	94	94	16	16	16	16	96	96	46	46	46	35	9	63	17	44	11	18	18	18	18	36	31	55	55	44	44	44	33	20	20	20	64	64	64	93	93	13	63	77	30	30	66	66	66	43	40	21	21	21	73	73	72	72	72	72	42	42	42	27	20	35	35	23	5	25	25	61	25	25	25	25	25	18	18	18	18	67	67	39	21	21	21	70	62	63	63	63	63	38	42	42	42
38	8	45	35	35	35	57	57	57	63	45	24	24	62	58	35	41	40	30	30	5	5	103	103	30	47	47	64	41	20	79	1	0	79	79	79	33	38	34	34	34	94	94	16	16	16	16	96	96	46	46	46	35	9	63	17	44	11	18	18	18	18	36	31	55	55	44	44	44	33	20	20	20	64	64	64	93	93	13	63	77	30	30	66	66	66	43	40	21	21	21	73	73	72	72	72	72	42	42	42	27	20	35	35	23	5	25	25	61	25	25	25	25	25	18	18	18	18	67	67	39	21	21	21	70	62	63	63	63	63	38	42	42	42
96	78	38	63	63	63	27	27	27	121	38	79	79	107	28	73	50	42	63	63	76	76	162	162	78	32	32	121	110	63	103	79	79	0	1	1	62	47	64	64	64	153	153	68	68	68	68	155	155	37	37	37	53	72	121	78	102	77	61	61	61	61	94	72	68	68	38	38	38	68	60	60	60	93	93	93	152	152	79	121	133	63	63	126	126	126	39	51	75	75	75	92	92	130	130	130	130	53	53	53	92	84	99	99	89	81	90	90	119	75	75	75	75	83	70	70	70	70	119	119	43	76	62	62	105	107	121	121	121	121	96	41	41	41
96	78	38	63	63	63	27	27	27	121	38	79	79	107	28	73	50	42	63	63	76	76	162	162	78	32	32	121	110	63	103	79	79	1	0	1	62	47	64	64	64	153	153	68	68	68	68	155	155	37	37	37	53	72	121	78	102	77	61	61	61	61	94	72	68	68	38	38	38	68	60	60	60	93	93	93	152	152	79	121	133	63	63	126	126	126	39	51	75	75	75	92	92	130	130	130	130	53	53	53	92	84	99	99	89	81	90	90	119	75	75	75	75	83	70	70	70	70	119	119	43	76	62	62	105	107	121	121	121	121	96	41	41	41
96	78	38	63	63	63	27	27	27	121	38	79	79	107	28	73	50	42	63	63	76	76	162	162	78	32	32	121	110	63	103	79	79	1	1	0	62	47	64	64	64	153	153	68	68	68	68	155	155	37	37	37	53	72	121	78	102	77	61	61	61	61	94	72	68	68	38	38	38	68	60	60	60	93	93	93	152	152	79	121	133	63	63	126	126	126	39	51	75	75	75	92	92	130	130	130	130	53	53	53	92	84	99	99	89	81	90	90	119	75	75	75	75	83	70	70	70	70	119	119	43	76	62	62	105	107	121	121	121	121	96	41	41	41
34	25	36	2	2	2	45	45	45	59	37	51	51	45	46	59	15	21	2	2	28	28	101	101	16	35	35	59	48	29	56	33	33	62	62	62	0	15	2	2	2	91	91	21	21	21	21	93	93	37	37	37	47	27	59	42	40	35	20	20	20	20	32	54	24	24	25	25	25	56	18	18	18	41	41	41	90	90	41	59	72	2	2	64	64	64	24	14	15	15	15	49	49	68	68	68	68	53	53	53	30	22	37	37	27	32	28	28	57	12	12	12	12	20	19	19	19	19	57	57	20	14	17	17	49	45	59	59	59	59	34	21	21	21
49	35	30	16	16	16	35	35	35	74	31	55	55	59	36	61	9	7	17	17	34	34	115	115	30	25	25	74	63	27	61	38	38	47	47	47	15	0	17	17	17	106	106	24	24	24	24	107	107	30	30	30	44	33	74	46	54	41	20	20	20	20	47	56	29	29	10	10	10	57	18	18	18	46	46	46	104	104	47	74	86	17	17	78	78	78	10	8	29	29	29	53	53	83	83	83	83	49	49	49	44	37	52	52	41	38	43	43	72	27	27	27	27	35	24	24	24	24	72	72	5	29	18	18	58	59	74	74	74	74	49	6	6	6
33	27	38	1	1	1	47	47	47	57	39	53	53	44	48	61	16	23	4	4	30	30	99	99	14	37	37	58	46	31	56	34	34	64	64	64	2	17	0	1	1	89	89	23	23	23	23	91	91	39	39	39	50	29	58	44	38	37	22	22	22	22	30	56	24	24	27	27	27	58	20	20	20	41	41	41	88	88	43	57	70	4	4	62	62	62	26	15	15	15	15	49	49	66	66	66	66	55	55	55	28	20	36	36	25	34	26	26	55	11	11	11	11	19	20	20	20	20	56	56	22	14	19	19	49	44	57	57	57	57	33	23	23	23
33	27	38	1	1	1	47	47	47	57	39	53	53	44	48	61	16	23	4	4	30	30	99	99	14	37	37	58	46	31	56	34	34	64	64	64	2	17	1	0	1	89	89	23	23	23	23	91	91	39	39	39	50	29	58	44	38	37	22	22	22	22	30	56	24	24	27	27	27	58	20	20	20	41	41	41	88	88	43	57	70	4	4	62	62	62	26	15	15	15	15	49	49	66	66	66	66	55	55	55	28	20	36	36	25	34	26	26	55	11	11	11	11	19	20	20	20	20	56	56	22	14	19	19	49	44	57	57	57	57	33	23	23	23
33	27	38	1	1	1	47	47	47	57	39	53	53	44	48	61	16	23	4	4	30	30	99	99	14	37	37	58	46	31	56	34	34	64	64	64	2	17	1	1	0	89	89	23	23	23	23	91	91	39	39	39	50	29	58	44	38	37	22	22	22	22	30	56	24	24	27	27	27	58	20	20	20	41	41	41	88	88	43	57	70	4	4	62	62	62	26	15	15	15	15	49	49	66	66	66	66	55	55	55	28	20	36	36	25	34	26	26	55	11	11	11	11	19	20	20	20	20	56	56	22	14	19	19	49	44	57	57	57	57	33	23	23	23
59	88	125	90	90	90	136	136	136	48	126	105	105	51	137	119	105	112	93	93	91	91	15	15	79	126	126	35	53	100	59	94	94	153	153	153	91	106	89	89	89	0	1	92	92	92	92	11	11	126	126	126	116	93	47	99	51	98	99	99	99	99	59	118	92	92	116	116	116	121	100	100	100	66	66	66	1	1	95	47	20	93	93	32	32	32	115	103	83	83	83	71	71	23	23	23	23	124	124	124	75	78	62	62	79	92	74	74	41	82	82	82	82	71	89	89	89	89	42	42	111	82	97	97	54	51	48	48	48	48	59	112	112	112
59	88	125	90	90	90	136	136	136	48	126	105	105	51	137	119	105	112	93	93	91	91	15	15	79	126	126	35	53	100	59	94	94	153	153	153	91	106	89	89	89	1	0	92	92	92	92	11	11	126	126	126	116	93	47	99	51	98	99	99	99	99	59	118	92	92	116	116	116	121	100	100	100	66	66	66	1	1	95	47	20	93	93	32	32	32	115	103	83	83	83	71	71	23	23	23	23	124	124	124	75	78	62	62	79	92	74	74	41	82	82	82	82	71	89	89	89	89	42	42	111	82	97	97	54	51	48	48	48	48	59	112	112	112
35	12	33	24	24	24	46	46	46	60	34	34	34	53	47	43	27	27	19	19	11	11	101	101	24	36	36	60	49	13	71	16	16	68	68	68	21	24	23	23	23	92	92	0	1	1	1	93	93	35	35	35	34	10	60	25	40	19	7	7	7	7	33	37	41	41	31	31	31	39	8	8	8	55	55	55	90	90	25	60	75	19	19	64	64	64	30	26	9	9	9	65	65	69	69	69	69	41	41	41	30	19	38	38	23	16	29	29	58	14	14	14	14	21	3	3	3	3	64	64	26	10	6	6	62	53	60	60	60	60	35	27	27	27
35	12	33	24	24	24	46	46	46	60	34	34	34	53	47	43	27	27	19	19	11	11	101	101	24	36	36	60	49	13	71	16	16	68	68	68	21	24	23	23	23	92	92	1	0	1	1	93	93	35	35	35	34	10	60	25	40	19	7	7	7	7	33	37	41	41	31	31	31	39	8	8	8	55	55	55	90	90	25	60	75	19	19	64	64	64	30	26	9	9	9	65	65	69	69	69	69	41	41	41	30	19	38	38	23	16	29	29	58	14	14	14	14	21	3	3	3	3	64	64	26	10	6	6	62	53	60	60	60	60	35	27	27	27
35	12	33	24	24	24	46	46	46	60	34	34	34	53	47	43	27	27	19	19	11	11	101	101	24	36	36	60	49	13	71	16	16	68	68	68	21	24	23	23	23	92	92	1	1	0	1	93	93	35	35	35	34	10	60	25	40	19	7	7	7	7	33	37	41	41	31	31	31	39	8	8	8	55	55	55	90	90	25	60	75	19	19	64	64	64	30	26	9	9	9	65	65	69	69	69	69	41	41	41	30	19	38	38	23	16	29	29	58	14	14	14	14	21	3	3	3	3	64	64	26	10	6	6	62	53	60	60	60	60	35	27	27	27
35	12	33	24	24	24	46	46	46	60	34	34	34	53	47	43	27	27	19	19	11	11	101	101	24	36	36	60	49	13	71	16	16	68	68	68	21	24	23	23	23	92	92	1	1	1	0	93	93	35	35	35	34	10	60	25	40	19	7	7	7	7	33	37	41	41	31	31	31	39	8	8	8	55	55	55	90	90	25	60	75	19	19	64	64	64	30	26	9	9	9	65	65	69	69	69	69	41	41	41	30	19	38	38	23	16	29	29	58	14	14	14	14	21	3	3	3	3	64	64	26	10	6	6	62	53	60	60	60	60	35	27	27	27
61	90	127	92	92	92	138	138	138	49	128	107	107	52	139	121	107	114	95	95	92	92	18	18	81	128	128	37	55	102	61	96	96	155	155	155	93	107	91	91	91	11	11	93	93	93	93	0	1	128	128	128	118	95	49	101	53	100	101	101	101	101	61	119	94	94	118	118	118	122	102	102	102	68	68	68	10	10	97	49	21	95	95	34	34	34	117	105	85	85	85	73	73	25	25	25	25	125	125	125	77	80	64	64	80	94	75	75	42	84	84	84	84	72	91	91	91	91	44	44	113	84	99	99	56	52	49	49	49	49	61	113	113	113
61	90	127	92	92	92	138	138	138	49	128	107	107	52	139	121	107	114	95	95	92	92	18	18	81	128	128	37	55	102	61	96	96	155	155	155	93	107	91	91	91	11	11	93	93	93	93	1	0	128	128	128	118	95	49	101	53	100	101	101	101	101	61	119	94	94	118	118	118	122	102	102	102	68	68	68	10	10	97	49	21	95	95	34	34	34	117	105	85	85	85	73	73	25	25	25	25	125	125	125	77	80	64	64	80	94	75	75	42	84	84	84	84	72	91	91	91	91	44	44	113	84	99	99	56	52	49	49	49	49	61	113	113	113
70	45	1	38	38	38	16	16	16	94	1	45	45	82	16	43	38	24	36	36	43	43	136	136	53	13	13	95	83	29	87	46	46	37	37	37	37	30	39	39	39	126	126	35	35	35	35	128	128	0	1	1	23	38	95	44	75	43	28	28	28	28	67	39	55	55	26	26	26	38	27	27	27	72	72	72	125	125	45	94	109	36	36	99	99	99	20	36	44	44	44	80	80	103	103	103	103	23	23	23	64	53	73	73	57	48	63	63	92	47	47	47	47	56	38	38	38	38	94	94	25	45	29	29	80	82	94	94	94	94	70	29	29	29
70	45	1	38	38	38	16	16	16	94	1	45	45	82	16	43	38	24	36	36	43	43	136	136	53	13	13	95	83	29	87	46	46	37	37	37	37	30	39	39	39	126	126	35	35	35	35	128	128	1	0	1	23	38	95	44	75	43	28	28	28	28	67	39	55	55	26	26	26	38	27	27	27	72	72	72	125	125	45	94	109	36	36	99	99	99	20	36	44	44	44	80	80	103	103	103	103	23	23	23	64	53	73	73	57	48	63	63	92	47	47	47	47	56	38	38	38	38	94	94	25	45	29	29	80	82	94	94	94	94	70	29	29	29
70	45	1	38	38	38	16	16	16	94	1	45	45	82	16	43	38	24	36	36	43	43	136	136	53	13	13	95	83	29	87	46	46	37	37	37	37	30	39	39	39	126	126	35	35	35	35	128	128	1	1	0	23	38	95	44	75	43	28	28	28	28	67	39	55	55	26	26	26	38	27	27	27	72	72	72	125	125	45	94	109	36	36	99	99	99	20	36	44	44	44	80	80	103	103	103	103	23	23	23	64	53	73	73	57	48	63	63	92	47	47	47	47	56	38	38	38	38	94	94	25	45	29	29	80	82	94	94	94	94	70	29	29	29
60	34	22	49	49	49	31	31	31	84	22	29	29	80	32	20	50	38	46	46	31	31	126	126	48	28	28	85	73	24	97	35	35	53	53	53	47	44	50	50	50	116	116	34	34	34	34	118	118	23	23	23	0	26	85	30	65	29	32	32	32	32	57	19	66	66	40	40	40	15	32	32	32	82	82	82	115	115	32	84	100	46	46	89	89	89	34	49	39	39	39	91	91	93	93	93	93	13	13	13	54	42	63	63	46	37	52	52	82	43	43	43	43	46	36	36	36	36	89	89	39	39	35	35	88	80	84	84	84	84	60	43	43	43
36	8	37	30	30	30	51	51	51	61	38	25	25	57	52	32	36	35	25	25	5	5	103	103	25	42	42	62	50	12	74	9	9	72	72	72	27	33	29	29	29	93	93	10	10	10	10	95	95	38	38	38	26	0	62	16	42	9	13	13	13	13	34	27	50	50	38	38	38	29	15	15	15	59	59	59	92	92	15	61	77	25	25	66	66	66	37	34	15	15	15	68	68	70	70	70	70	33	33	33	30	18	40	40	23	12	29	29	59	20	20	20	20	23	12	12	12	12	65	65	34	16	15	15	65	57	61	61	61	61	36	36	36	36
27	56	93	59	59	59	105	105	105	1	94	74	74	20	105	89	74	80	61	61	59	59	57	57	47	94	94	18	25	68	33	63	63	121	121	121	59	74	58	58	58	47	47	60	60	60	60	49	49	95	95	95	85	62	0	68	20	66	67	67	67	67	27	86	63	63	84	84	84	89	68	68	68	38	38	38	46	46	65	1	28	61	61	25	25	25	84	72	51	51	51	44	44	26	26	26	26	92	92	92	44	46	30	30	47	62	43	43	15	50	50	50	50	39	57	57	57	57	9	9	79	50	65	65	27	20	1	1	1	1	27	80	80	80
43	17	43	44	44	44	56	56	56	68	43	9	9	71	57	20	50	46	39	39	14	14	108	108	39	48	48	69	46	19	88	17	17	78	78	78	42	46	44	44	44	99	99	25	25	25	25	101	101	44	44	44	30	16	68	0	50	7	28	28	28	28	45	20	64	64	49	49	49	24	29	29	29	73	73	73	98	98	4	68	82	39	39	70	70	70	48	49	30	30	30	82	82	76	76	76	76	38	38	38	35	29	40	40	32	17	34	34	66	35	35	35	35	34	27	27	27	27	72	72	45	30	30	30	79	71	68	68	68	68	43	48	48	48
8	36	74	39	39	39	85	85	85	20	74	56	56	29	86	70	54	61	42	42	39	39	61	61	27	75	75	20	11	49	49	44	44	102	102	102	40	54	38	38	38	51	51	40	40	40	40	53	53	75	75	75	65	42	20	50	0	47	47	47	47	47	8	67	50	50	65	65	65	69	49	49	49	37	37	37	50	50	46	20	35	42	42	24	24	24	64	53	32	32	32	50	50	28	28	28	28	72	72	72	25	26	11	11	27	43	23	23	17	31	31	31	31	19	37	37	37	37	24	24	60	31	46	46	38	29	20	20	20	20	8	60	60	60
41	10	41	37	37	37	55	55	55	66	42	16	16	64	56	25	44	43	33	33	8	8	108	108	33	46	46	67	47	18	81	11	11	77	77	77	35	41	37	37	37	98	98	19	19	19	19	100	100	43	43	43	29	9	66	7	47	0	21	21	21	21	39	20	58	58	46	46	46	24	23	23	23	66	66	66	97	97	6	66	81	33	33	71	71	71	45	43	23	23	23	76	76	75	75	75	75	38	38	38	32	23	40	40	28	12	31	31	64	28	28	28	28	28	21	21	21	21	70	70	42	24	23	23	73	64	66	66	66	66	41	44	44	44
42	17	27	21	21	21	39	39	39	67	27	37	37	60	40	43	23	22	18	18	15	15	108	108	31	29	29	67	56	9	70	18	18	61	61	61	20	20	22	22	22	99	99	7	7	7	7	101	101	28	28	28	32	13	67	28	47	21	0	1	1	1	40	38	38	38	25	25	25	39	2	2	2	55	55	55	97	97	27	67	82	18	18	71	71	71	24	22	16	16	16	63	63	76	76	76	76	38	38	38	37	25	45	45	30	21	35	35	65	21	21	21	21	28	10	10	10	10	71	71	21	17	5	5	63	60	67	67	67	67	42	23	23	23
42	17	27	21	21	21	39	39	39	67	27	37	37	60	40	43	23	22	18	18	15	15	108	108	31	29	29	67	56	9	70	18	18	61	61	61	20	20	22	22	22	99	99	7	7	7	7	101	101	28	28	28	32	13	67	28	47	21	1	0	1	1	40	38	38	38	25	25	25	39	2	2	2	55	55	55	97	97	27	67	82	18	18	71	71	71	24	22	16	16	16	63	63	76	76	76	76	38	38	38	37	25	45	45	30	21	35	35	65	21	21	21	21	28	10	10	10	10	71	71	21	17	5	5	63	60	67	67	67	67	42	23	23	23
42	17	27	21	21	21	39	39	39	67	27	37	37	60	40	43	23	22	18	18	15	15	108	108	31	29	29	67	56	9	70	18	18	61	61	61	20	20	22	22	22	99	99	7	7	7	7	101	101	28	28	28	32	13	67	28	47	21	1	1	0	1	40	38	38	38	25	25	25	39	2	2	2	55	55	55	97	97	27	67	82	18	18	71	71	71	24	22	16	16	16	63	63	76	76	76	76	38	38	38	37	25	45	45	30	21	35	35	65	21	21	21	21	28	10	10	10	10	71	71	21	17	5	5	63	60	67	67	67	67	42	23	23	23
42	17	27	21	21	21	39	39	39	67	27	37	37	60	40	43	23	22	18	18	15	15	108	108	31	29	29	67	56	9	70	18	18	61	61	61	20	20	22	22	22	99	99	7	7	7	7	101	101	28	28	28	32	13	67	28	47	21	1	1	1	0	40	38	38	38	25	25	25	39	2	2	2	55	55	55	97	97	27	67	82	18	18	71	71	71	24	22	16	16	16	63	63	76	76	76	76	38	38	38	37	25	45	45	30	21	35	35	65	21	21	21	21	28	10	10	10	10	71	71	21	17	5	5	63	60	67	67	67	67	42	23	23	23
2	29	66	31	31	31	77	77	77	27	67	51	51	26	78	64	46	53	34	34	32	32	69	69	20	67	67	27	18	41	47	36	36	94	94	94	32	47	30	30	30	59	59	33	33	33	33	61	61	67	67	67	57	34	27	45	8	39	40	40	40	40	0	59	42	42	57	57	57	62	41	41	41	35	35	35	58	58	41	27	42	34	34	32	32	32	56	45	24	24	24	47	47	36	36	36	36	65	65	65	17	19	6	6	20	36	15	15	25	23	23	23	23	12	30	30	30	30	31	31	52	23	38	38	35	26	27	27	27	27	2	53	53	53
61	30	38	56	56	56	50	50	50	86	39	19	19	83	51	6	60	50	52	52	27	27	127	127	52	43	43	86	65	29	101	31	31	72	72	72	54	56	56	56	56	118	118	37	37	37	37	119	119	39	39	39	19	27	86	20	67	20	38	38	38	38	59	0	76	76	52	52	52	4	39	39	39	86	86	86	116	116	22	86	101	52	52	89	89	89	46	59	42	42	42	95	95	95	95	95	95	24	24	24	52	43	58	58	48	32	51	51	84	47	47	47	47	47	39	39	39	39	90	90	51	43	42	42	92	83	86	86	86	86	61	55	55	55
44	47	54	23	23	23	60	60	60	64	55	73	73	46	61	81	23	35	26	26	50	50	101	101	26	50	50	70	58	47	38	55	55	68	68	68	24	29	24	24	24	92	92	41	41	41	41	94	94	55	55	55	66	50	63	64	50	58	38	38	38	38	42	76	0	1	34	34	34	78	37	37	37	27	27	27	90	90	63	63	72	26	26	74	74	74	38	24	38	38	38	26	26	75	75	75	75	71	71	71	42	38	48	48	40	54	40	40	66	34	34	34	34	32	39	39	39	39	60	60	34	37	35	35	41	46	64	64	64	64	44	29	29	29
44	47	54	23	23	23	60	60	60	64	55	73	73	46	61	81	23	35	26	26	50	50	101	101	26	50	50	70	58	47	38	55	55	68	68	68	24	29	24	24	24	92	92	41	41	41	41	94	94	55	55	55	66	50	63	64	50	58	38	38	38	38	42	76	1	0	34	34	34	78	37	37	37	27	27	27	90	90	63	63	72	26	26	74	74	74	38	24	38	38	38	26	26	75	75	75	75	71	71	71	42	38	48	48	40	54	40	40	66	34	34	34	34	32	39	39	39	39	60	60	34	37	35	35	41	46	64	64	64	64	44	29	29	29
59	42	26	26	26	26	30	30	30	84	26	58	58	70	31	57	13	4	26	26	40	40	125	125	41	20	20	84	73	30	68	44	44	38	38	38	25	10	27	27	27	116	116	31	31	31	31	118	118	26	26	26	40	38	84	49	65	46	25	25	25	25	57	52	33	33	0	1	1	53	24	24	24	56	56	56	114	114	51	84	96	26	26	88	88	88	6	15	38	38	38	57	57	93	93	93	93	45	45	45	54	47	62	62	52	45	53	53	82	37	37	37	37	45	33	33	33	33	82	82	5	38	25	25	68	70	84	84	84	84	59	4	4	4
59	42	26	26	26	26	30	30	30	84	26	58	58	70	31	57	13	4	26	26	40	40	125	125	41	20	20	84	73	30	68	44	44	38	38	38	25	10	27	27	27	116	116	31	31	31	31	118	118	26	26	26	40	38	84	49	65	46	25	25	25	25	57	52	33	33	1	0	1	53	24	24	24	56	56	56	114	114	51	84	96	26	26	88	88	88	6	15	38	38	38	57	57	93	93	93	93	45	45	45	54	47	62	62	52	45	53	53	82	37	37	37	37	45	33	33	33	33	82	82	5	38	25	25	68	70	84	84	84	84	59	4	4	4
59	42	26	26	26	26	30	30	30	84	26	58	58	70	31	57	13	4	26	26	40	40	125	125	41	20	20	84	73	30	68	44	44	38	38	38	25	10	27	27	27	116	116	31	31	31	31	118	118	26	26	26	40	38	84	49	65	46	25	25	25	25	57	52	33	33	1	1	0	53	24	24	24	56	56	56	114	114	51	84	96	26	26	88	88	88	6	15	38	38	38	57	57	93	93	93	93	45	45	45	54	47	62	62	52	45	53	53	82	37	37	37	37	45	33	33	33	33	82	82	5	38	25	25	68	70	84	84	84	84	59	4	4	4
64	33	37	58	58	58	46	46	46	89	37	22	22	85	47	5	62	51	54	54	30	30	130	130	54	43	43	89	69	31	103	33	33	68	68	68	56	57	58	58	58	121	121	39	39	39	39	122	122	38	38	38	15	29	89	24	69	24	39	39	39	39	62	4	78	78	53	53	53	0	41	41	41	87	87	87	119	119	26	89	104	54	54	93	93	93	47	61	44	44	44	97	97	98	98	98	98	20	20	20	56	45	62	62	50	36	55	55	86	49	49	49	49	50	41	41	41	41	93	93	52	45	44	44	94	85	89	89	89	89	64	56	56	56
43	19	26	19	19	19	38	38	38	68	26	38	38	61	39	45	21	20	17	17	17	17	109	109	32	28	28	68	57	10	69	20	20	60	60	60	18	18	20	20	20	100	100	8	8	8	8	102	102	27	27	27	32	15	68	29	49	23	2	2	2	2	41	39	37	37	24	24	24	41	0	1	1	54	54	54	99	99	29	68	83	17	17	72	72	72	23	20	18	18	18	62	62	77	77	77	77	38	38	38	38	26	46	46	31	22	37	37	66	22	22	22	22	29	11	11	11	11	72	72	19	18	4	4	62	61	68	68	68	68	43	22	22	22
43	19	26	19	19	19	38	38	38	68	26	38	38	61	39	45	21	20	17	17	17	17	109	109	32	28	28	68	57	10	69	20	20	60	60	60	18	18	20	20	20	100	100	8	8	8	8	102	102	27	27	27	32	15	68	29	49	23	2	2	2	2	41	39	37	37	24	24	24	41	1	0	1	54	54	54	99	99	29	68	83	17	17	72	72	72	23	20	18	18	18	62	62	77	77	77	77	38	38	38	38	26	46	46	31	22	37	37	66	22	22	22	22	29	11	11	11	11	72	72	19	18	4	4	62	61	68	68	68	68	43	22	22	22
43	19	26	19	19	19	38	38	38	68	26	38	38	61	39	45	21	20	17	17	17	17	109	109	32	28	28	68	57	10	69	20	20	60	60	60	18	18	20	20	20	100	100	8	8	8	8	102	102	27	27	27	32	15	68	29	49	23	2	2	2	2	41	39	37	37	24	24	24	41	1	1	0	54	54	54	99	99	29	68	83	17	17	72	72	72	23	20	18	18	18	62	62	77	77	77	77	38	38	38	38	26	46	46	31	22	37	37	66	22	22	22	22	29	11	11	11	11	72	72	19	18	4	4	62	61	68	68	68	68	43	22	22	22
37	56	71	40	40	40	77	77	77	38	72	82	82	20	78	91	44	52	43	43	59	59	76	76	35	67	67	44	48	64	21	64	64	93	93	93	41	46	41	41	41	66	66	55	55	55	55	68	68	72	72	72	82	59	38	73	37	66	55	55	55	55	35	86	27	27	56	56	56	87	54	54	54	0	1	1	65	65	72	37	47	43	43	51	51	51	55	42	47	47	47	13	13	49	49	49	49	88	88	88	49	47	40	40	48	63	47	47	40	42	42	42	42	41	53	53	53	53	34	34	51	46	53	53	18	20	38	38	38	38	37	52	52	52
37	56	71	40	40	40	77	77	77	38	72	82	82	20	78	91	44	52	43	43	59	59	76	76	35	67	67	44	48	64	21	64	64	93	93	93	41	46	41	41	41	66	66	55	55	55	55	68	68	72	72	72	82	59	38	73	37	66	55	55	55	55	35	86	27	27	56	56	56	87	54	54	54	1	0	1	65	65	72	37	47	43	43	51	51	51	55	42	47	47	47	13	13	49	49	49	49	88	88	88	49	47	40	40	48	63	47	47	40	42	42	42	42	41	53	53	53	53	34	34	51	46	53	53	18	20	38	38	38	38	37	52	52	52
37	56	71	40	40	40	77	77	77	38	72	82	82	20	78	91	44	52	43	43	59	59	76	76	35	67	67	44	48	64	21	64	64	93	93	93	41	46	41	41	41	66	66	55	55	55	55	68	68	72	72	72	82	59	38	73	37	66	55	55	55	55	35	86	27	27	56	56	56	87	54	54	54	1	1	0	65	65	72	37	47	43	43	51	51	51	55	42	47	47	47	13	13	49	49	49	49	88	88	88	49	47	40	40	48	63	47	47	40	42	42	42	42	41	53	53	53	53	34	34	51	46	53	53	18	20	38	38	38	38	37	52	52	52
58	86	124	89	89	89	135	135	135	46	124	104	104	49	136	118	103	111	92	92	89	89	16	16	77	125	125	34	52	99	58	93	93	152	152	152	90	104	88	88	88	1	1	90	90	90	90	10	10	125	125	125	115	92	46	98	50	97	97	97	97	97	58	116	90	90	114	114	114	119	99	99	99	65	65	65	0	1	94	46	18	92	92	31	31	31	114	102	82	82	82	70	70	22	22	22	22	122	122	122	74	76	61	61	77	91	72	72	39	81	81	81	81	69	87	87	87	87	41	41	110	81	96	96	52	49	46	46	46	46	58	110	110	110
58	86	124	89	89	89	135	135	135	46	124	104	104	49	136	118	103	111	92	92	89	89	16	16	77	125	125	34	52	99	58	93	93	152	152	152	90	104	88	88	88	1	1	90	90	90	90	10	10	125	125	125	115	92	46	98	50	97	97	97	97	97	58	116	90	90	114	114	114	119	99	99	99	65	65	65	1	0	94	46	18	92	92	31	31	31	114	102	82	82	82	70	70	22	22	22	22	122	122	122	74	76	61	61	77	91	72	72	39	81	81	81	81	69	87	87	87	87	41	41	110	81	96	96	52	49	46	46	46	46	58	110	110	110
39	16	44	43	43	43	58	58	58	64	45	13	13	67	58	24	50	47	39	39	14	14	105	105	39	49	49	65	43	20	87	13	13	79	79	79	41	47	43	43	43	95	95	25	25	25	25	97	97	45	45	45	32	15	65	4	46	6	27	27	27	27	41	22	63	63	51	51	51	26	29	29	29	72	72	72	94	94	0	64	79	39	39	67	67	67	49	49	29	29	29	81	81	73	73	73	73	40	40	40	32	25	36	36	28	14	30	30	62	34	34	34	34	33	27	27	27	27	68	68	46	30	29	29	76	67	65	65	65	65	39	49	49	49
27	56	93	58	58	58	104	104	104	1	94	74	74	20	105	89	73	80	61	61	59	59	56	56	47	94	94	18	25	68	32	63	63	121	121	121	59	74	57	57	57	47	47	60	60	60	60	49	49	94	94	94	84	61	1	68	20	66	67	67	67	67	27	86	63	63	84	84	84	89	68	68	68	37	37	37	46	46	64	0	27	61	61	26	26	26	83	72	51	51	51	43	43	26	26	26	26	92	92	92	44	46	30	30	47	62	42	42	15	50	50	50	50	39	57	57	57	57	8	8	79	50	65	65	26	20	1	1	1	1	27	80	80	80
42	71	107	71	71	71	117	117	117	28	108	88	88	31	118	103	85	93	74	74	74	74	29	29	60	106	106	19	36	83	40	77	77	133	133	133	72	86	70	70	70	20	20	75	75	75	75	21	21	109	109	109	100	77	28	82	35	81	82	82	82	82	42	101	72	72	96	96	96	104	83	83	83	47	47	47	18	18	79	27	0	74	74	16	16	16	96	84	66	66	66	52	52	7	7	7	7	107	107	107	58	61	45	45	62	76	57	57	24	65	65	65	65	54	72	72	72	72	24	24	92	66	81	81	34	31	28	28	28	28	42	92	92	92
36	23	34	4	4	4	45	45	45	61	35	49	49	47	46	57	17	22	1	1	25	25	103	103	18	35	35	62	50	27	58	30	30	63	63	63	2	17	4	4	4	93	93	19	19	19	19	95	95	36	36	36	46	25	61	39	42	33	18	18	18	18	34	52	26	26	26	26	26	54	17	17	17	43	43	43	92	92	39	61	74	0	1	66	66	66	25	15	13	13	13	51	51	70	70	70	70	51	51	51	32	24	40	40	29	29	30	30	59	12	12	12	12	23	16	16	16	16	59	59	21	12	16	16	51	47	61	61	61	61	36	22	22	22
36	23	34	4	4	4	45	45	45	61	35	49	49	47	46	57	17	22	1	1	25	25	103	103	18	35	35	62	50	27	58	30	30	63	63	63	2	17	4	4	4	93	93	19	19	19	19	95	95	36	36	36	46	25	61	39	42	33	18	18	18	18	34	52	26	26	26	26	26	54	17	17	17	43	43	43	92	92	39	61	74	1	0	66	66	66	25	15	13	13	13	51	51	70	70	70	70	51	51	51	32	24	40	40	29	29	30	30	59	12	12	12	12	23	16	16	16	16	59	59	21	12	16	16	51	47	61	61	61	61	36	22	22	22
31	60	98	63	63	63	109	109	109	25	98	77	77	33	110	91	78	85	66	66	63	63	42	42	51	99	99	12	25	73	46	66	66	126	126	126	64	78	62	62	62	32	32	64	64	64	64	34	34	99	99	99	89	66	25	70	24	71	71	71	71	71	32	89	74	74	88	88	88	93	72	72	72	51	51	51	31	31	67	26	16	66	66	0	1	1	88	77	56	56	56	57	57	10	10	10	10	96	96	96	47	50	35	35	51	64	45	45	17	55	55	55	55	43	61	61	61	61	19	19	84	55	70	70	40	33	25	25	25	25	31	84	84	84
31	60	98	63	63	63	109	109	109	25	98	77	77	33	110	91	78	85	66	66	63	63	42	42	51	99	99	12	25	73	46	66	66	126	126	126	64	78	62	62	62	32	32	64	64	64	64	34	34	99	99	99	89	66	25	70	24	71	71	71	71	71	32	89	74	74	88	88	88	93	72	72	72	51	51	51	31	31	67	26	16	66	66	1	0	1	88	77	56	56	56	57	57	10	10	10	10	96	96	96	47	50	35	35	51	64	45	45	17	55	55	55	55	43	61	61	61	61	19	19	84	55	70	70	40	33	25	25	25	25	31	84	84	84
31	60	98	63	63	63	109	109	109	25	98	77	77	33	110	91	78	85	66	66	63	63	42	42	51	99	99	12	25	73	46	66	66	126	126	126	64	78	62	62	62	32	32	64	64	64	64	34	34	99	99	99	89	66	25	70	24	71	71	71	71	71	32	89	74	74	88	88	88	93	72	72	72	51	51	51	31	31	67	26	16	66	66	1	1	0	88	77	56	56	56	57	57	10	10	10	10	96	96	96	47	50	35	35	51	64	45	45	17	55	55	55	55	43	61	61	61	61	19	19	84	55	70	70	40	33	25	25	25	25	31	84	84	84
59	41	20	25	25	25	25	25	25	83	21	52	52	69	26	52	18	4	25	25	39	39	125	125	40	15	15	84	72	29	70	43	43	39	39	39	24	10	26	26	26	115	115	30	30	30	30	117	117	20	20	20	34	37	84	48	64	45	24	24	24	24	56	46	38	38	6	6	6	47	23	23	23	55	55	55	114	114	49	83	96	25	25	88	88	88	0	18	37	37	37	62	62	92	92	92	92	39	39	39	54	46	62	62	51	45	52	52	81	37	37	37	37	45	32	32	32	32	82	82	5	38	25	25	68	69	83	83	83	83	59	9	9	9
47	35	36	14	14	14	41	41	41	72	37	58	58	57	42	64	1	15	15	15	35	35	113	113	29	31	31	73	61	30	57	40	40	51	51	51	14	8	15	15	15	103	103	26	26	26	26	105	105	36	36	36	49	34	72	49	53	43	22	22	22	22	45	59	24	24	15	15	15	61	20	20	20	42	42	42	102	102	49	72	84	15	15	77	77	77	18	0	27	27	27	48	48	81	81	81	81	54	54	54	43	35	51	51	40	40	41	41	70	26	26	26	26	34	24	24	24	24	70	70	14	27	20	20	56	57	72	72	72	72	47	10	10	10
26	13	43	16	16	16	55	55	55	51	43	39	39	44	56	47	29	34	13	13	16	16	93	93	15	45	45	52	40	19	62	21	21	75	75	75	15	29	15	15	15	83	83	9	9	9	9	85	85	44	44	44	39	15	51	30	32	23	16	16	16	16	24	42	38	38	38	38	38	44	18	18	18	47	47	47	82	82	29	51	66	13	13	56	56	56	37	27	0	1	1	56	56	60	60	60	60	46	46	46	22	12	29	29	17	20	20	20	49	5	5	5	5	13	7	7	7	7	55	55	33	1	15	15	53	44	51	51	51	51	26	34	34	34
26	13	43	16	16	16	55	55	55	51	43	39	39	44	56	47	29	34	13	13	16	16	93	93	15	45	45	52	40	19	62	21	21	75	75	75	15	29	15	15	15	83	83	9	9	9	9	85	85	44	44	44	39	15	51	30	32	23	16	16	16	16	24	42	38	38	38	38	38	44	18	18	18	47	47	47	82	82	29	51	66	13	13	56	56	56	37	27	1	0	1	56	56	60	60	60	60	46	46	46	22	12	29	29	17	20	20	20	49	5	5	5	5	13	7	7	7	7	55	55	33	1	15	15	53	44	51	51	51	51	26	34	34	34
26	13	43	16	16	16	55	55	55	51	43	39	39	44	56	47	29	34	13	13	16	16	93	93	15	45	45	52	40	19	62	21	21	75	75	75	15	29	15	15	15	83	83	9	9	9	9	85	85	44	44	44	39	15	51	30	32	23	16	16	16	16	24	42	38	38	38	38	38	44	18	18	18	47	47	47	82	82	29	51	66	13	13	56	56	56	37	27	1	1	0	56	56	60	60	60	60	46	46	46	22	12	29	29	17	20	20	20	49	5	5	5	5	13	7	7	7	7	55	55	33	1	15	15	53	44	51	51	51	51	26	34	34	34
49	65	79	48	48	48	85	85	85	44	80	91	91	26	86	100	47	60	51	51	68	68	81	81	44	75	75	50	60	72	13	73	73	92	92	92	49	53	49	49	49	71	71	65	65	65	65	73	73	80	80	80	91	68	44	82	50	76	63	63	63	63	47	95	26	26	57	57	57	97	62	62	62	13	13	13	70	70	81	43	52	51	51	57	57	57	62	48	56	56	56	0	1	54	54	54	54	96	96	96	59	56	52	52	58	72	57	57	46	52	52	52	52	50	62	62	62	62	40	40	58	55	60	60	17	26	44	44	44	44	49	53	53	53
49	65	79	48	48	48	85	85	85	44	80	91	91	26	86	100	47	60	51	51	68	68	81	81	44	75	75	50	60	72	13	73	73	92	92	92	49	53	49	49	49	71	71	65	65	65	65	73	73	80	80	80	91	68	44	82	50	76	63	63	63	63	47	95	26	26	57	57	57	97	62	62	62	13	13	13	70	70	81	43	52	51	51	57	57	57	62	48	56	56	56	1	0	54	54	54	54	96	96	96	59	56	52	52	58	72	57	57	46	52	52	52	52	50	62	62	62	62	40	40	58	55	60	60	17	26	44	44	44	44	49	53	53	53
36	65	102	67	67	67	113	113	113	27	103	83	83	31	114	97	82	89	70	70	68	68	33	33	56	103	103	13	31	77	42	72	72	130	130	130	68	83	66	66	66	23	23	69	69	69	69	25	25	103	103	103	93	70	26	76	28	75	76	76	76	76	36	95	75	75	93	93	93	98	77	77	77	49	49	49	22	22	73	26	7	70	70	10	10	10	92	81	60	60	60	54	54	0	1	1	1	101	101	101	53	55	39	39	56	70	51	51	18	59	59	59	59	48	66	66	66	66	20	20	88	59	74	74	37	31	27	27	27	27	36	89	89	89
36	65	102	67	67	67	113	113	113	27	103	83	83	31	114	97	82	89	70	70	68	68	33	33	56	103	103	13	31	77	42	72	72	130	130	130	68	83	66	66	66	23	23	69	69	69	69	25	25	103	103	103	93	70	26	76	28	75	76	76	76	76	36	95	75	75	93	93	93	98	77	77	77	49	49	49	22	22	73	26	7	70	70	10	10	10	92	81	60	60	60	54	54	1	0	1	1	101	101	101	53	55	39	39	56	70	51	51	18	59	59	59	59	48	66	66	66	66	20	20	88	59	74	74	37	31	27	27	27	27	36	89	89	89
36	65	102	67	67	67	113	113	113	27	103	83	83	31	114	97	82	89	70	70	68	68	33	33	56	103	103	13	31	77	42	72	72	130	130	130	68	83	66	66	66	23	23	69	69	69	69	25	25	103	103	103	93	70	26	76	28	75	76	76	76	76	36	95	75	75	93	93	93	98	77	77	77	49	49	49	22	22	73	26	7	70	70	10	10	10	92	81	60	60	60	54	54	1	1	0	1	101	101	101	53	55	39	39	56	70	51	51	18	59	59	59	59	48	66	66	66	66	20	20	88	59	74	74	37	31	27	27	27	27	36	89	89	89
36	65	102	67	67	67	113	113	113	27	103	83	83	31	114	97	82	89	70	70	68	68	33	33	56	103	103	13	31	77	42	72	72	130	130	130	68	83	66	66	66	23	23	69	69	69	69	25	25	103	103	103	93	70	26	76	28	75	76	76	76	76	36	95	75	75	93	93	93	98	77	77	77	49	49	49	22	22	73	26	7	70	70	10	10	10	92	81	60	60	60	54	54	1	1	1	0	101	101	101	53	55	39	39	56	70	51	51	18	59	59	59	59	48	66	66	66	66	20	20	88	59	74	74	37	31	27	27	27	27	36	89	89	89
67	41	22	54	54	54	32	32	32	92	23	36	36	87	33	25	55	42	51	51	39	39	133	133	56	29	29	92	80	30	103	42	42	53	53	53	53	49	55	55	55	124	124	41	41	41	41	125	125	23	23	23	13	33	92	38	72	38	38	38	38	38	65	24	71	71	45	45	45	20	38	38	38	88	88	88	122	122	40	92	107	51	51	96	96	96	39	54	46	46	46	96	96	101	101	101	101	0	1	1	61	49	70	70	54	45	59	59	90	50	50	50	50	53	43	43	43	43	96	96	44	47	41	41	95	87	92	92	92	92	67	47	47	47
67	41	22	54	54	54	32	32	32	92	23	36	36	87	33	25	55	42	51	51	39	39	133	133	56	29	29	92	80	30	103	42	42	53	53	53	53	49	55	55	55	124	124	41	41	41	41	125	125	23	23	23	13	33	92	38	72	38	38	38	38	38	65	24	71	71	45	45	45	20	38	38	38	88	88	88	122	122	40	92	107	51	51	96	96	96	39	54	46	46	46	96	96	101	101	101	101	1	0	1	61	49	70	70	54	45	59	59	90	50	50	50	50	53	43	43	43	43	96	96	44	47	41	41	95	87	92	92	92	92	67	47	47	47
67	41	22	54	54	54	32	32	32	92	23	36	36	87	33	25	55	42	51	51	39	39	133	133	56	29	29	92	80	30	103	42	42	53	53	53	53	49	55	55	55	124	124	41	41	41	41	125	125	23	23	23	13	33	92	38	72	38	38	38	38	38	65	24	71	71	45	45	45	20	38	38	38	88	88	88	122	122	40	92	107	51	51	96	96	96	39	54	46	46	46	96	96	101	101	101	101	1	1	0	61	49	70	70	54	45	59	59	90	50	50	50	50	53	43	43	43	43	96	96	44	47	41	41	95	87	92	92	92	92	67	47	47	47
18	24	63	29	29	29	75	75	75	44	64	41	41	43	76	56	44	51	32	32	27	27	85	85	19	65	65	44	22	38	64	27	27	92	92	92	30	44	28	28	28	75	75	30	30	30	30	77	77	64	64	64	54	30	44	35	25	32	37	37	37	37	17	52	42	42	54	54	54	56	38	38	38	49	49	49	74	74	32	44	58	32	32	47	47	47	54	43	22	22	22	59	59	53	53	53	53	61	61	61	0	14	15	15	8	25	2	2	42	20	20	20	20	11	27	27	27	27	48	48	50	21	36	36	52	43	44	44	44	44	18	50	50	50
21	13	51	21	21	21	64	64	64	46	52	35	35	45	65	47	36	43	24	24	15	15	87	87	15	54	54	46	34	26	62	20	20	84	84	84	22	37	20	20	20	78	78	19	19	19	19	80	80	53	53	53	42	18	46	29	26	23	25	25	25	25	19	43	38	38	47	47	47	45	26	26	26	47	47	47	76	76	25	46	61	24	24	50	50	50	46	35	12	12	12	56	56	55	55	55	55	49	49	49	14	0	24	24	7	19	13	13	44	13	13	13	13	7	16	16	16	16	50	50	42	12	24	24	53	45	46	46	46	46	21	43	43	43
3	34	71	37	37	37	83	83	83	30	72	46	46	32	83	60	52	59	40	40	37	37	72	72	25	72	72	31	13	46	52	35	35	99	99	99	37	52	36	36	36	62	62	38	38	38	38	64	64	73	73	73	63	40	30	40	11	40	45	45	45	45	6	58	48	48	62	62	62	62	46	46	46	40	40	40	61	61	36	30	45	40	40	35	35	35	62	51	29	29	29	52	52	39	39	39	39	70	70	70	15	24	0	1	20	33	14	14	28	28	28	28	28	17	35	35	35	35	34	34	58	29	44	44	40	32	30	30	30	30	3	58	58	58
3	34	71	37	37	37	83	83	83	30	72	46	46	32	83	60	52	59	40	40	37	37	72	72	25	72	72	31	13	46	52	35	35	99	99	99	37	52	36	36	36	62	62	38	38	38	38	64	64	73	73	73	63	40	30	40	11	40	45	45	45	45	6	58	48	48	62	62	62	62	46	46	46	40	40	40	61	61	36	30	45	40	40	35	35	35	62	51	29	29	29	52	52	39	39	39	39	70	70	70	15	24	1	0	20	33	14	14	28	28	28	28	28	17	35	35	35	35	34	34	58	29	44	44	40	32	30	30	30	30	3	58	58	58
22	17	56	26	26	26	69	69	69	47	57	38	38	46	69	52	41	48	29	29	20	20	88	88	17	58	58	47	27	31	63	23	23	89	89	89	27	41	25	25	25	79	79	23	23	23	23	80	80	57	57	57	46	23	47	32	27	28	30	30	30	30	20	48	40	40	52	52	52	50	31	31	31	48	48	48	77	77	28	47	62	29	29	51	51	51	51	40	17	17	17	58	58	56	56	56	56	54	54	54	8	7	20	20	0	21	6	6	44	18	18	18	18	9	21	21	21	21	51	51	47	17	29	29	54	46	47	47	47	47	22	47	47	47
36	7	47	34	34	34	60	60	60	62	48	24	24	61	61	37	41	42	29	29	6	6	102	102	29	49	49	62	40	22	78	5	5	81	81	81	32	38	34	34	34	92	92	16	16	16	16	94	94	48	48	48	37	12	62	17	43	12	21	21	21	21	36	32	54	54	45	45	45	36	22	22	22	63	63	63	91	91	14	62	76	29	29	64	64	64	45	40	20	20	20	72	72	70	70	70	70	45	45	45	25	19	33	33	21	0	24	24	60	25	25	25	25	24	18	18	18	18	66	66	41	20	20	20	69	61	62	62	62	62	36	42	42	42
17	23	62	27	27	27	73	73	73	42	62	40	40	42	74	54	42	49	30	30	26	26	83	83	17	63	63	43	21	36	62	25	25	90	90	90	28	43	26	26	26	74	74	29	29	29	29	75	75	63	63	63	52	29	43	34	23	31	35	35	35	35	15	51	40	40	53	53	53	55	37	37	37	47	47	47	72	72	30	42	57	30	30	45	45	45	52	41	20	20	20	57	57	51	51	51	51	59	59	59	2	13	14	14	6	24	0	1	40	19	19	19	19	10	26	26	26	26	47	47	48	19	34	34	51	42	43	43	43	43	17	49	49	49
17	23	62	27	27	27	73	73	73	42	62	40	40	42	74	54	42	49	30	30	26	26	83	83	17	63	63	43	21	36	62	25	25	90	90	90	28	43	26	26	26	74	74	29	29	29	29	75	75	63	63	63	52	29	43	34	23	31	35	35	35	35	15	51	40	40	53	53	53	55	37	37	37	47	47	47	72	72	30	42	57	30	30	45	45	45	52	41	20	20	20	57	57	51	51	51	51	59	59	59	2	13	14	14	6	24	1	0	40	19	19	19	19	10	26	26	26	26	47	47	48	19	34	34	51	42	43	43	43	43	17	49	49	49
25	54	91	56	56	56	102	102	102	15	92	72	72	23	103	86	71	78	59	59	56	56	50	50	45	92	92	5	20	66	35	61	61	119	119	119	57	72	55	55	55	41	41	58	58	58	58	42	42	92	92	92	82	59	15	66	17	64	65	65	65	65	25	84	66	66	82	82	82	86	66	66	66	40	40	40	39	39	62	15	24	59	59	17	17	17	81	70	49	49	49	46	46	18	18	18	18	90	90	90	42	44	28	28	44	60	40	40	0	48	48	48	48	36	55	55	55	55	6	6	77	48	63	63	29	23	15	15	15	15	25	78	78	78
25	18	46	12	12	12	57	57	57	50	47	44	44	40	58	52	27	34	12	12	20	20	92	92	11	47	47	50	39	24	57	25	25	75	75	75	12	27	11	11	11	82	82	14	14	14	14	84	84	47	47	47	43	20	50	35	31	28	21	21	21	21	23	47	34	34	37	37	37	49	22	22	22	42	42	42	81	81	34	50	65	12	12	55	55	55	37	26	5	5	5	52	52	59	59	59	59	50	50	50	20	13	28	28	18	25	19	19	48	0	1	1	1	11	11	11	11	11	52	52	33	5	20	20	49	40	50	50	50	50	25	33	33	33
25	18	46	12	12	12	57	57	57	50	47	44	44	40	58	52	27	34	12	12	20	20	92	92	11	47	47	50	39	24	57	25	25	75	75	75	12	27	11	11	11	82	82	14	14	14	14	84	84	47	47	47	43	20	50	35	31	28	21	21	21	21	23	47	34	34	37	37	37	49	22	22	22	42	42	42	81	81	34	50	65	12	12	55	55	55	37	26	5	5	5	52	52	59	59	59	59	50	50	50	20	13	28	28	18	25	19	19	48	1	0	1	1	11	11	11	11	11	52	52	33	5	20	20	49	40	50	50	50	50	25	33	33	33
25	18	46	12	12	12	57	57	57	50	47	44	44	40	58	52	27	34	12	12	20	20	92	92	11	47	47	50	39	24	57	25	25	75	75	75	12	27	11	11	11	82	82	14	14	14	14	84	84	47	47	47	43	20	50	35	31	28	21	21	21	21	23	47	34	34	37	37	37	49	22	22	22	42	42	42	81	81	34	50	65	12	12	55	55	55	37	26	5	5	5	52	52	59	59	59	59	50	50	50	20	13	28	28	18	25	19	19	48	1	1	0	1	11	11	11	11	11	52	52	33	5	20	20	49	40	50	50	50	50	25	33	33	33
25	18	46	12	12	12	57	57	57	50	47	44	44	40	58	52	27	34	12	12	20	20	92	92	11	47	47	50	39	24	57	25	25	75	75	75	12	27	11	11	11	82	82	14	14	14	14	84	84	47	47	47	43	20	50	35	31	28	21	21	21	21	23	47	34	34	37	37	37	49	22	22	22	42	42	42	81	81	34	50	65	12	12	55	55	55	37	26	5	5	5	52	52	59	59	59	59	50	50	50	20	13	28	28	18	25	19	19	48	1	1	1	0	11	11	11	11	11	52	52	33	5	20	20	49	40	50	50	50	50	25	33	33	33
14	17	55	20	20	20	66	66	66	39	55	42	42	38	67	52	35	42	23	23	20	20	80	80	9	55	55	39	28	29	56	25	25	83	83	83	20	35	19	19	19	71	71	21	21	21	21	72	72	56	56	56	46	23	39	34	19	28	28	28	28	28	12	47	32	32	45	45	45	50	29	29	29	41	41	41	69	69	33	39	54	23	23	43	43	43	45	34	13	13	13	50	50	48	48	48	48	53	53	53	11	7	17	17	9	24	10	10	36	11	11	11	11	0	18	18	18	18	43	43	41	12	27	27	47	38	39	39	39	39	14	41	41	41
32	12	36	21	21	21	49	49	49	57	37	36	36	50	50	45	25	29	16	16	13	13	98	98	21	39	39	57	46	16	68	18	18	70	70	70	19	24	20	20	20	89	89	3	3	3	3	91	91	38	38	38	36	12	57	27	37	21	10	10	10	10	30	39	39	39	33	33	33	41	11	11	11	53	53	53	87	87	27	57	72	16	16	61	61	61	32	24	7	7	7	62	62	66	66	66	66	43	43	43	27	16	35	35	21	18	26	26	55	11	11	11	11	18	0	1	1	1	61	61	28	7	9	9	59	50	57	57	57	57	32	29	29	29
32	12	36	21	21	21	49	49	49	57	37	36	36	50	50	45	25	29	16	16	13	13	98	98	21	39	39	57	46	16	68	18	18	70	70	70	19	24	20	20	20	89	89	3	3	3	3	91	91	38	38	38	36	12	57	27	37	21	10	10	10	10	30	39	39	39	33	33	33	41	11	11	11	53	53	53	87	87	27	57	72	16	16	61	61	61	32	24	7	7	7	62	62	66	66	66	66	43	43	43	27	16	35	35	21	18	26	26	55	11	11	11	11	18	1	0	1	1	61	61	28	7	9	9	59	50	57	57	57	57	32	29	29	29
32	12	36	21	21	21	49	49	49	57	37	36	36	50	50	45	25	29	16	16	13	13	98	98	21	39	39	57	46	16	68	18	18	70	70	70	19	24	20	20	20	89	89	3	3	3	3	91	91	38	38	38	36	12	57	27	37	21	10	10	10	10	30	39	39	39	33	33	33	41	11	11	11	53	53	53	87	87	27	57	72	16	16	61	61	61	32	24	7	7	7	62	62	66	66	66	66	43	43	43	27	16	35	35	21	18	26	26	55	11	11	11	11	18	1	1	0	1	61	61	28	7	9	9	59	50	57	57	57	57	32	29	29	29
32	12	36	21	21	21	49	49	49	57	37	36	36	50	50	45	25	29	16	16	13	13	98	98	21	39	39	57	46	16	68	18	18	70	70	70	19	24	20	20	20	89	89	3	3	3	3	91	91	38	38	38	36	12	57	27	37	21	10	10	10	10	30	39	39	39	33	33	33	41	11	11	11	53	53	53	87	87	27	57	72	16	16	61	61	61	32	24	7	7	7	62	62	66	66	66	66	43	43	43	27	16	35	35	21	18	26	26	55	11	11	11	11	18	1	1	1	0	61	61	28	7	9	9	59	50	57	57	57	57	32	29	29	29
31	60	93	57	57	57	103	103	103	9	94	78	78	17	103	93	72	79	59	59	63	63	51	51	45	92	92	10	27	72	29	67	67	119	119	119	57	72	56	56	56	42	42	64	64	64	64	44	44	94	94	94	89	65	9	72	24	70	71	71	71	71	31	90	60	60	82	82	82	93	72	72	72	34	34	34	41	41	68	8	24	59	59	19	19	19	82	70	55	55	55	40	40	20	20	20	20	96	96	96	48	50	34	34	51	66	47	47	6	52	52	52	52	43	61	61	61	61	0	1	77	54	69	69	23	17	9	9	9	9	31	78	78	78
31	60	93	57	57	57	103	103	103	9	94	78	78	17	103	93	72	79	59	59	63	63	51	51	45	92	92	10	27	72	29	67	67	119	119	119	57	72	56	56	56	42	42	64	64	64	64	44	44	94	94	94	89	65	9	72	24	70	71	71	71	71	31	90	60	60	82	82	82	93	72	72	72	34	34	34	41	41	68	8	24	59	59	19	19	19	82	70	55	55	55	40	40	20	20	20	20	96	96	96	48	50	34	34	51	66	47	47	6	52	52	52	52	43	61	61	61	61	1	0	77	54	69	69	23	17	9	9	9	9	31	78	78	78
54	37	25	21	21	21	30	30	30	79	25	54	54	65	31	56	15	1	21	21	36	36	121	121	36	19	19	80	68	26	66	39	39	43	43	43	20	5	22	22	22	111	111	26	26	26	26	113	113	25	25	25	39	34	79	45	60	42	21	21	21	21	52	51	34	34	5	5	5	52	19	19	19	51	51	51	110	110	46	79	92	21	21	84	84	84	5	14	33	33	33	58	58	88	88	88	88	44	44	44	50	42	58	58	47	41	48	48	77	33	33	33	33	41	28	28	28	28	77	77	0	34	21	21	63	65	79	79	79	79	54	6	6	6
25	14	44	15	15	15	56	56	56	50	44	40	40	44	57	48	29	35	12	12	16	16	92	92	14	46	46	51	39	20	61	21	21	76	76	76	14	29	14	14	14	82	82	10	10	10	10	84	84	45	45	45	39	16	50	30	31	24	17	17	17	17	23	43	37	37	38	38	38	45	18	18	18	46	46	46	81	81	30	50	66	12	12	55	55	55	38	27	1	1	1	55	55	59	59	59	59	47	47	47	21	12	29	29	17	20	19	19	48	5	5	5	5	12	7	7	7	7	54	54	34	0	16	16	52	44	50	50	50	50	25	34	34	34
40	17	28	18	18	18	41	41	41	65	29	39	39	59	42	47	21	22	16	16	16	16	107	107	29	30	30	66	54	14	67	21	21	62	62	62	17	18	19	19	19	97	97	6	6	6	6	99	99	29	29	29	35	15	65	30	46	23	5	5	5	5	38	42	35	35	25	25	25	44	4	4	4	53	53	53	96	96	29	65	81	16	16	70	70	70	25	20	15	15	15	60	60	74	74	74	74	41	41	41	36	24	44	44	29	20	34	34	63	20	20	20	20	27	9	9	9	9	69	69	21	16	0	1	60	59	65	65	65	65	40	22	22	22
40	17	28	18	18	18	41	41	41	65	29	39	39	59	42	47	21	22	16	16	16	16	107	107	29	30	30	66	54	14	67	21	21	62	62	62	17	18	19	19	19	97	97	6	6	6	6	99	99	29	29	29	35	15	65	30	46	23	5	5	5	5	38	42	35	35	25	25	25	44	4	4	4	53	53	53	96	96	29	65	81	16	16	70	70	70	25	20	15	15	15	60	60	74	74	74	74	41	41	41	36	24	44	44	29	20	34	34	63	20	20	20	20	27	9	9	9	9	69	69	21	16	1	0	60	59	65	65	65	65	40	22	22	22
37	62	79	48	48	48	89	89	89	27	80	86	86	9	89	97	57	65	51	51	65	65	63	63	41	78	78	33	48	72	12	70	70	105	105	105	49	58	49	49	49	54	54	62	62	62	62	56	56	80	80	80	88	65	27	79	38	73	63	63	63	63	35	92	41	41	68	68	68	94	62	62	62	18	18	18	52	52	76	26	34	51	51	40	40	40	68	56	53	53	53	17	17	37	37	37	37	95	95	95	52	53	40	40	54	69	51	51	29	49	49	49	49	47	59	59	59	59	23	23	63	52	60	60	0	9	27	27	27	27	37	64	64	64
28	54	81	45	45	45	90	90	90	20	81	77	77	1	91	89	59	66	47	47	57	57	60	60	33	80	80	26	39	63	20	62	62	107	107	107	45	59	44	44	44	51	51	53	53	53	53	52	52	82	82	82	80	57	20	71	29	64	60	60	60	60	26	83	46	46	70	70	70	85	61	61	61	20	20	20	49	49	67	20	31	47	47	33	33	33	69	57	44	44	44	26	26	31	31	31	31	87	87	87	43	45	32	32	46	61	42	42	23	40	40	40	40	38	50	50	50	50	17	17	65	44	59	59	9	0	20	20	20	20	28	65	65	65
27	56	93	58	58	58	104	104	104	1	94	74	74	20	105	89	74	80	61	61	59	59	57	57	47	94	94	19	25	68	33	63	63	121	121	121	59	74	57	57	57	48	48	60	60	60	60	49	49	94	94	94	84	61	1	68	20	66	67	67	67	67	27	86	64	64	84	84	84	89	68	68	68	38	38	38	46	46	65	1	28	61	61	25	25	25	83	72	51	51	51	44	44	27	27	27	27	92	92	92	44	46	30	30	47	62	43	43	15	50	50	50	50	39	57	57	57	57	9	9	79	50	65	65	27	20	0	1	1	1	27	80	80	80
27	56	93	58	58	58	104	104	104	1	94	74	74	20	105	89	74	80	61	61	59	59	57	57	47	94	94	19	25	68	33	63	63	121	121	121	59	74	57	57	57	48	48	60	60	60	60	49	49	94	94	94	84	61	1	68	20	66	67	67	67	67	27	86	64	64	84	84	84	89	68	68	68	38	38	38	46	46	65	1	28	61	61	25	25	25	83	72	51	51	51	44	44	27	27	27	27	92	92	92	44	46	30	30	47	62	43	43	15	50	50	50	50	39	57	57	57	57	9	9	79	50	65	65	27	20	1	0	1	1	27	80	80	80
27	56	93	58	58	58	104	104	104	1	94	74	74	20	105	89	74	80	61	61	59	59	57	57	47	94	94	19	25	68	33	63	63	121	121	121	59	74	57	57	57	48	48	60	60	60	60	49	49	94	94	94	84	61	1	68	20	66	67	67	67	67	27	86	64	64	84	84	84	89	68	68	68	38	38	38	46	46	65	1	28	61	61	25	25	25	83	72	51	51	51	44	44	27	27	27	27	92	92	92	44	46	30	30	47	62	43	43	15	50	50	50	50	39	57	57	57	57	9	9	79	50	65	65	27	20	1	1	0	1	27	80	80	80
27	56	93	58	58	58	104	104	104	1	94	74	74	20	105	89	74	80	61	61	59	59	57	57	47	94	94	19	25	68	33	63	63	121	121	121	59	74	57	57	57	48	48	60	60	60	60	49	49	94	94	94	84	61	1	68	20	66	67	67	67	67	27	86	64	64	84	84	84	89	68	68	68	38	38	38	46	46	65	1	28	61	61	25	25	25	83	72	51	51	51	44	44	27	27	27	27	92	92	92	44	46	30	30	47	62	43	43	15	50	50	50	50	39	57	57	57	57	9	9	79	50	65	65	27	20	1	1	1	0	27	80	80	80
1	31	68	34	34	34	79	79	79	27	69	49	49	28	80	63	49	55	36	36	34	34	68	68	22	69	69	28	17	43	49	38	38	96	96	96	34	49	33	33	33	59	59	35	35	35	35	61	61	70	70	70	60	36	27	43	8	41	42	42	42	42	2	61	44	44	59	59	59	64	43	43	43	37	37	37	58	58	39	27	42	36	36	31	31	31	59	47	26	26	26	49	49	36	36	36	36	67	67	67	18	21	3	3	22	36	17	17	25	25	25	25	25	14	32	32	32	32	31	31	54	25	40	40	37	28	27	27	27	27	0	55	55	55
55	38	29	22	22	22	33	33	33	80	29	57	57	65	34	60	9	7	22	22	37	37	121	121	36	23	23	80	69	29	64	42	42	41	41	41	21	6	23	23	23	112	112	27	27	27	27	113	113	29	29	29	43	36	80	48	60	44	23	23	23	23	53	55	29	29	4	4	4	56	22	22	22	52	52	52	110	110	49	80	92	22	22	84	84	84	9	10	34	34	34	52	52	89	89	89	89	47	47	47	50	43	58	58	47	42	49	49	78	33	33	33	33	41	29	29	29	29	78	78	6	34	22	22	64	65	80	80	80	80	55	0	1	1
55	38	29	22	22	22	33	33	33	80	29	57	57	65	34	60	9	7	22	22	37	37	121	121	36	23	23	80	69	29	64	42	42	41	41	41	21	6	23	23	23	112	112	27	27	27	27	113	113	29	29	29	43	36	80	48	60	44	23	23	23	23	53	55	29	29	4	4	4	56	22	22	22	52	52	52	110	110	49	80	92	22	22	84	84	84	9	10	34	34	34	52	52	89	89	89	89	47	47	47	50	43	58	58	47	42	49	49	78	33	33	33	33	41	29	29	29	29	78	78	6	34	22	22	64	65	80	80	80	80	55	1	0	1
55	38	29	22	22	22	33	33	33	80	29	57	57	65	34	60	9	7	22	22	37	37	121	121	36	23	23	80	69	29	64	42	42	41	41	41	21	6	23	23	23	112	112	27	27	27	27	113	113	29	29	29	43	36	80	48	60	44	23	23	23	23	53	55	29	29	4	4	4	56	22	22	22	52	52	52	110	110	49	80	92	22	22	84	84	84	9	10	34	34	34	52	52	89	89	89	89	47	47	47	50	43	58	58	47	42	49	49	78	33	33	33	33	41	29	29	29	29	78	78	6	34	22	22	64	65	80	80	80	80	55	1	1	0
